date,clean,bad,total,ratio,z
20191018,4380,34,4414,0.007702763932940644,-0.4662833659172852
20191019,1648,11,1659,0.006630500301386378,-0.7083142354254458
20191020,1967,11,1978,0.005561172901921132,-0.9496823399337777
20191021,5043,86,5129,0.01676740105283681,1.5797824889175813
20191022,5113,65,5178,0.012553109308613364,0.6285344327497426
20191023,5273,41,5314,0.0077154685735792245,-0.46341568008885947
20191024,4985,44,5029,0.00874925432491549,-0.23007002057191567
20191025,4198,52,4250,0.01223529411764706,0.5567973293463769
20191026,1612,6,1618,0.003708281829419036,-1.3679160878522296
20191027,2130,20,2150,0.009302325581395349,-0.10523102280440014
20191028,4559,43,4602,0.009343763581051717,-0.0958776559714954
20191029,4846,39,4885,0.007983623336745137,-0.40288790633817795
20191030,5042,48,5090,0.009430255402750491,-0.07635476048658991
20191031,4989,47,5036,0.009332803812549643,-0.098351490038142
20191101,4077,33,4110,0.008029197080291971,-0.3926010212356836
20191102,1641,17,1658,0.010253317249698432,0.10942639315288337
20191103,2065,12,2077,0.005777563793933558,-0.9008386841329203
20191104,4811,26,4837,0.0053752325821790365,-0.9916527061193506
20191105,4824,47,4871,0.009648942722233628,-0.02699275609948713
20191106,5124,37,5161,0.007169153264871149,-0.5867297283332935
20191107,4989,40,5029,0.007953867568104992,-0.40960436518740606
20191108,4268,25,4293,0.0058234334963894714,-0.8904849953172389
20191109,1687,7,1694,0.004132231404958678,-1.272222378417413
20191110,2311,14,2325,0.006021505376344086,-0.8457762987618571
20191111,4946,29,4975,0.005829145728643216,-0.8891956327961933
20191112,5035,37,5072,0.007294952681388012,-0.5583343400470548
20191113,4998,35,5033,0.006954102920723227,-0.6352707962670301
20191114,5552,26,5578,0.004661168877733955,-1.1528308475625586
20191115,4377,25,4402,0.005679236710586098,-0.9230330296077279
20191116,1545,16,1561,0.010249839846252402,0.10864147519529736
20191117,2172,19,2191,0.00867183934276586,-0.24754409587508938
20191118,4979,52,5031,0.0103359173126615,0.1280708425887013
20191119,5263,32,5295,0.006043437204910292,-0.8408258561826488
20191120,5155,36,5191,0.00693507994606049,-0.6395646536382628
20191121,5074,50,5124,0.00975800156128025,-0.0023760435063875486
20191122,4235,50,4285,0.011668611435239206,0.42888596657863925
20191123,1657,8,1665,0.004804804804804805,-1.1204094100554627
20191124,2244,12,2256,0.005319148936170213,-1.0043118817262187
20191125,5370,28,5398,0.005187106335679882,-1.034116478719282
20191126,5101,31,5132,0.006040530007794232,-0.8414820674213083
20191127,5102,43,5145,0.008357628765792031,-0.31846756741296356
20191128,5057,42,5099,0.008236909197881937,-0.34571633453339423
20191129,3931,36,3967,0.009074867658179985,-0.15657272396098632
20191130,1527,13,1540,0.008441558441558441,-0.29952299836716156
20191201,2091,13,2104,0.006178707224334601,-0.8102927676247588
20191202,5270,30,5300,0.005660377358490566,-0.9272899541659411
20191203,5946,41,5987,0.006848171037247369,-0.6591816938409178
20191204,5858,33,5891,0.005601765404854863,-0.9405198182446644
20191205,6394,29,6423,0.004515024132025533,-1.1858185744955207
20191206,4936,24,4960,0.004838709677419355,-1.1127564173044464
20191207,1913,19,1932,0.009834368530020704,0.014861474676676123
20191208,2420,13,2433,0.005343197698314837,-0.9988836058422167
20191209,6002,31,6033,0.005138405436764462,-1.0451092239392636
20191210,6410,54,6464,0.008353960396039604,-0.31929559020020504
20191211,6180,65,6245,0.010408326661329063,0.14441504853097215
20191212,6315,64,6379,0.010032920520457752,0.05967854155639221
20191213,5129,39,5168,0.0075464396284829725,-0.5015688183188607
20191214,1914,12,1926,0.006230529595015576,-0.7985954451876358
20191215,2496,17,2513,0.006764822920811779,-0.6779949935734962
20191216,6443,32,6475,0.004942084942084942,-1.089422598590124
20191217,6527,47,6574,0.007149376331000912,-0.5911937690411561
20191218,5959,63,6022,0.010461640650946529,0.1564490585303229
20191219,5758,67,5825,0.011502145922746782,0.3913114452146513
20191220,4680,32,4712,0.006791171477079796,-0.6720476091839043
20191221,1775,7,1782,0.003928170594837262,-1.3182828936235809
20191222,2425,24,2449,0.009799918334013884,0.007085391772352335
20191223,5758,53,5811,0.009120633281707107,-0.14624252779477243
20191224,5277,41,5318,0.0077096652877021435,-0.46472559519322465
20191225,2733,10,2743,0.0036456434560699965,-1.3820547935959555
20191226,5329,47,5376,0.008742559523809524,-0.23158116809681348
20191227,4825,36,4861,0.00740588356305287,-0.5332950708276608
20191228,1809,19,1828,0.010393873085339168,0.14115259379372994
20191229,2396,22,2418,0.009098428453267164,-0.1512545917839323
20191230,5953,38,5991,0.006342847604740444,-0.7732430740401304
20191231,4635,22,4657,0.004724071290530384,-1.1386325429523265
20200101,3250,14,3264,0.00428921568627451,-1.2367879563332562
20200102,5666,46,5712,0.008053221288515405,-0.3871782876518405
20200103,4654,26,4680,0.005555555555555556,-0.9509502848543923
20200104,1788,12,1800,0.006666666666666667,-0.7001507795568084
20200105,2395,20,2415,0.008281573498964804,-0.3356347283789534
20200106,5436,91,5527,0.016464628188890898,1.511440732871931
20200107,5890,47,5937,0.007916456122620852,-0.41804886000530694
20200108,6166,54,6220,0.008681672025723473,-0.24532466705572364
20200109,5989,65,6054,0.010736703006276842,0.21853601090887065
20200110,4971,43,5014,0.008575987235739928,-0.2691797907965407
20200111,1953,15,1968,0.007621951219512195,-0.4845243756119345
20200112,2528,13,2541,0.005116096025186935,-1.0501448943876752
20200113,5913,56,5969,0.00938180599765455,-0.08729073863361195
20200114,5025,23,5048,0.0045562599049128365,-1.1765108541988913
20200115,5023,31,5054,0.006133755441234665,-0.820439264092096
20200116,4842,31,4873,0.0063615842396880775,-0.7690138491419032
20200117,4531,37,4568,0.008099824868651488,-0.3766589482929373
20200118,1708,8,1716,0.004662004662004662,-1.1526421947090926
20200119,2143,14,2157,0.006490496059341678,-0.7399159306053822
20200120,5433,49,5482,0.00893834367019336,-0.1873888577444551
20200121,5591,33,5624,0.005867709815078236,-0.8804909643760526
20200122,5531,21,5552,0.003782420749279539,-1.3511814838703493
20200123,4421,59,4480,0.013169642857142857,0.7676981108232473
20200124,2223,26,2249,0.011560693641618497,0.40452681025104653
20200125,1724,8,1732,0.004618937644341801,-1.1623632627611318
20200126,1773,11,1784,0.00616591928251121,-0.8131792561595313
20200127,2780,35,2815,0.012433392539964476,0.6015120170320728
20200128,5985,116,6101,0.019013276512047206,2.0867204976345377
20200129,6175,73,6248,0.011683738796414853,0.4323005078080184
20200130,6335,50,6385,0.007830853563038372,-0.4373710316412506
20200131,5284,29,5313,0.005458309806135893,-0.9729005521164621
20200201,1954,21,1975,0.010632911392405063,0.1951082140370987
20200202,2771,28,2799,0.010003572704537335,0.05305416561342757
20200203,5469,54,5523,0.00977729494839761,0.0019788512437060456
20200204,5462,76,5538,0.013723365836041893,0.8926842150850518
20200205,5695,68,5763,0.011799410029498525,0.45840976703911007
20200206,5785,77,5862,0.013135448652337086,0.759979810138849
20200207,4665,41,4706,0.008712282192945177,-0.23841535373907197
20200208,1774,36,1810,0.019889502762430938,2.284501896747035
20200209,2676,31,2707,0.011451791651274473,0.3799455014772635
20200210,5361,50,5411,0.009240436148586214,-0.11920067802291129
20200211,5294,35,5329,0.0065678363670482265,-0.7224587107842535
20200212,5230,48,5278,0.00909435392194013,-0.15217429318095801
20200213,5601,44,5645,0.007794508414526129,-0.4455748423814045
20200214,4310,32,4342,0.007369875633348687,-0.5414227646886001
20200215,1710,7,1717,0.004076878276062901,-1.2847166620267738
20200216,2233,12,2245,0.005345211581291759,-0.9984290330733113
20200217,5440,33,5473,0.006029599853827883,-0.8439492169081364
20200218,5989,66,6055,0.010900082576383155,0.2554139747314263
20200219,6563,77,6640,0.011596385542168675,0.41258317015205037
20200220,6665,100,6765,0.014781966001478197,1.1316309731044807
20200221,6059,60,6119,0.009805523778395163,0.008350650182370405
20200222,3137,120,3257,0.0368437212158428,6.1114005374876115
20200223,3873,84,3957,0.02122820318423048,2.5866727599231276
20200224,6781,63,6844,0.009205143191116306,-0.12716698866945875
20200225,7044,102,7146,0.014273719563392108,1.0169098133873555
20200226,7531,134,7665,0.017482061317677756,1.7410952857077362
20200227,7733,103,7836,0.013144461459928534,0.7620141770555986
20200228,6926,82,7008,0.011700913242009132,0.43617711602094317
20200229,2945,60,3005,0.019966722129783693,2.301931817965352
20200301,3813,51,3864,0.013198757763975156,0.7742699146305405
20200302,7486,130,7616,0.017069327731092435,1.64793324430597
20200303,6980,76,7056,0.010770975056689343,0.22627188286896077
20200304,7724,117,7841,0.014921566126769545,1.1631414512307765
20200305,7268,87,7355,0.011828687967369137,0.46501837013978475
20200306,6448,79,6527,0.012103569787038455,0.5270645720893129
20200307,2818,54,2872,0.018802228412256268,2.039082814515132
20200308,3445,60,3505,0.017118402282453638,1.6590103301896515
20200309,6929,131,7060,0.018555240793201134,1.9833328791088416
20200310,7449,143,7592,0.018835616438356163,2.0466191449009767
20200311,7610,97,7707,0.01258596081484365,0.635949660109495
20200312,7421,89,7510,0.0118508655126498,0.4700242757863792
20200313,6498,65,6563,0.009904007313728478,0.030580309929767853
20200314,2586,46,2632,0.017477203647416412,1.7399988145391367
20200315,3258,50,3308,0.015114873035066506,1.2067746005051114
20200316,6844,78,6922,0.011268419531927188,0.3385548283413618
20200317,7307,77,7384,0.01042795232936078,0.14884494558111253
20200318,7344,59,7403,0.00796974199648791,-0.40602119628061994
20200319,7276,54,7330,0.007366984993178717,-0.5420752387007597
20200320,5983,90,6073,0.014819693726329656,1.1401468583603551
20200321,2595,32,2627,0.01218119527978683,0.544586163751109
20200322,3269,50,3319,0.015064778547755347,1.1954672951329142
20200323,7297,90,7387,0.012183565723568431,0.5451212192660944
20200324,7330,109,7439,0.014652507057400187,1.1024095578864797
20200325,7353,137,7490,0.01829105473965287,1.923700920726059
20200326,7906,165,8071,0.020443563375046464,2.4095642115410003
20200327,6146,80,6226,0.012849341471249599,0.6953998246079036
20200328,2574,35,2609,0.013415101571483326,0.8231029425380609
20200329,3514,57,3571,0.01596191542985158,1.3979686327254712
20200330,7124,70,7194,0.009730330831248262,-0.008621868369308682
20200331,7295,85,7380,0.011517615176151762,0.394803158205814
20200401,7525,77,7602,0.010128913443830571,0.08134602148096685
20200402,7460,66,7526,0.008769598724422003,-0.22547789177328673
20200403,6199,60,6259,0.009586195877935773,-0.04115594585748492
20200404,2744,24,2768,0.008670520231213872,-0.24784184514729315
20200405,3486,36,3522,0.010221465076660987,0.10223673483648368
20200406,6858,61,6919,0.008816302933949994,-0.21493583839284552
20200407,6921,63,6984,0.00902061855670103,-0.16881780699337057
20200408,7366,107,7473,0.014318212230697177,1.0269526784418888
20200409,7519,128,7647,0.016738590296848436,1.5732793379033614
20200410,6563,55,6618,0.008310667875491085,-0.3290675586631938
20200411,2636,28,2664,0.010510510510510511,0.1674799414726712
20200412,3602,36,3638,0.009895547003848268,0.028670652550408994
20200413,6924,56,6980,0.008022922636103151,-0.3940172859843996
20200414,127,2,129,0.015503875968992248,1.2945801695542076
