date,clean,bad,total,ratio,z
20191016,5409,108,5517,0.01957585644371941,2.1613189354805717
20191017,5020,78,5098,0.015300117693213025,1.2181868986377988
20191018,4380,34,4414,0.007702763932940644,-0.45761888479370466
20191019,1648,11,1659,0.006630500301386378,-0.6941361843458428
20191020,1967,11,1978,0.005561172901921132,-0.9300058169771633
20191021,5043,86,5129,0.01676740105283681,1.5418366874429719
20191022,5113,65,5178,0.012553109308613364,0.6122584815461745
20191023,5273,41,5314,0.0077154685735792245,-0.4548165261132541
20191024,4985,44,5029,0.00874925432491549,-0.22678658363808832
20191025,4198,52,4250,0.01223529411764706,0.5421555809982571
20191026,1612,6,1618,0.003708281829419036,-1.338712015654463
20191027,2130,20,2150,0.009302325581395349,-0.10479147330042697
20191028,4559,43,4602,0.009343763581051717,-0.09565118028931348
20191029,4846,39,4885,0.007983623336745137,-0.3956676017446157
20191030,5042,48,5090,0.009430255402750491,-0.07657302497420074
20191031,4989,47,5036,0.009332803812549643,-0.09806865932482804
20191101,4077,33,4110,0.008029197080291971,-0.3856150564218256
20191102,1641,17,1658,0.010253317249698432,0.10497595204588778
20191103,2065,12,2077,0.005777563793933558,-0.8822748411981277
20191104,4811,26,4837,0.0053752325821790365,-0.9710200797098407
20191105,4824,47,4871,0.009648942722233628,-0.028335508818334104
20191106,5124,37,5161,0.007169153264871149,-0.5753214259505546
20191107,4989,40,5029,0.007953867568104992,-0.40223105669893894
20191108,4268,25,4293,0.0058234334963894714,-0.8721570139802011
20191109,1687,7,1694,0.004132231404958678,-1.2451982511266424
20191110,2311,14,2325,0.006021505376344086,-0.8284668012512899
20191111,4946,29,4975,0.005829145728643216,-0.870897023706063
20191112,5035,37,5072,0.007294952681388012,-0.5475728971333693
20191113,4998,35,5033,0.006954102920723227,-0.6227567069475397
20191114,5552,26,5578,0.004661168877733955,-1.1285265120027461
20191115,4377,25,4402,0.005679236710586098,-0.9039635896941196
20191116,1545,16,1561,0.010249839846252402,0.1042089148655666
20191117,2172,19,2191,0.00867183934276586,-0.243862591798849
20191118,4979,52,5031,0.0103359173126615,0.12319567270035313
20191119,5263,32,5295,0.006043437204910292,-0.8236291319374472
20191120,5155,36,5191,0.00693507994606049,-0.6269527483540337
20191121,5074,50,5124,0.00975800156128025,-0.004279575795399141
20191122,4235,50,4285,0.011668611435239206,0.41715809549015687
20191123,1657,8,1665,0.004804804804804805,-1.0968436491416589
20191124,2244,12,2256,0.005319148936170213,-0.9833908737130073
20191125,5370,28,5398,0.005187106335679882,-1.012516508841139
20191126,5101,31,5132,0.006040530007794232,-0.8242703943946655
20191127,5102,43,5145,0.008357628765792031,-0.31317039537402613
20191128,5057,42,5099,0.008236909197881937,-0.33979842356128204
20191129,3931,36,3967,0.009074867658179985,-0.15496358786021544
20191130,1527,13,1540,0.008441558441558441,-0.2946573919666611
20191201,2091,13,2104,0.006178707224334601,-0.7937916006036396
20191202,5270,30,5300,0.005660377358490566,-0.908123539633364
20191203,5946,41,5987,0.006848171037247369,-0.6461229037287028
20191204,5858,33,5891,0.005601765404854863,-0.9210520215732926
20191205,6394,29,6423,0.004515024132025533,-1.160762763966814
20191206,4936,24,4960,0.004838709677419355,-1.0893649949408921
20191207,1913,19,1932,0.009834368530020704,0.01256526412078202
20191208,2420,13,2433,0.005343197698314837,-0.9780862563478043
20191209,6002,31,6033,0.005138405436764462,-1.0232588344766176
20191210,6410,54,6464,0.008353960396039604,-0.3139795554369717
20191211,6180,65,6245,0.010408326661329063,0.13916755042258547
20191212,6315,64,6379,0.010032920520457752,0.05636137845024202
20191213,5129,39,5168,0.0075464396284829725,-0.4921005190267906
20191214,1914,12,1926,0.006230529595015576,-0.7823607483307825
20191215,2496,17,2513,0.006764822920811779,-0.6645076281956964
20191216,6443,32,6475,0.004942084942084942,-1.0665627309083505
20191217,6527,47,6574,0.007149376331000912,-0.5796837738422099
20191218,5959,63,6022,0.010461640650946529,0.15092742036650558
20191219,5758,67,5825,0.011502145922746782,0.3804395382952247
20191220,4680,32,4712,0.006791171477079796,-0.6586957278456157
20191221,1775,7,1782,0.003928170594837262,-1.29020948748125
20191222,2425,24,2449,0.009799918334013884,0.004966323814689381
20191223,5758,53,5811,0.009120633281707107,-0.14486871811883983
20191224,5277,41,5318,0.0077096652877021435,-0.4560966007737989
20191225,2733,10,2743,0.0036456434560699965,-1.3525286354454176
20191226,5329,47,5376,0.008742559523809524,-0.22826330655587165
20191227,4825,36,4861,0.00740588356305287,-0.523104033510457
20191228,1809,19,1828,0.010393873085339168,0.13597941584317558
20191229,2396,22,2418,0.009098428453267164,-0.14976660507973696
20191230,5953,38,5991,0.006342847604740444,-0.7575859153797759
20191231,4635,22,4657,0.004724071290530384,-1.114651651033751
20200101,3250,14,3264,0.00428921568627451,-1.2105710408060482
20200102,5666,46,5712,0.008053221288515405,-0.3803158551007395
20200103,4654,26,4680,0.005555555555555556,-0.9312448775532544
20200104,1788,12,1800,0.006666666666666667,-0.6861586956024158
20200105,2395,20,2415,0.008281573498964804,-0.3299464808415698
20200106,5436,91,5527,0.016464628188890898,1.4750517867424302
20200107,5890,47,5937,0.007916456122620852,-0.4104831822004118
20200108,6166,54,6220,0.008681672025723473,-0.24169372254687588
20200109,5989,65,6054,0.010736703006276842,0.2116000045861858
20200110,4971,43,5014,0.008575987235739928,-0.26500541604748495
20200111,1953,15,1968,0.007621951219512195,-0.47544435624224385
20200112,2528,13,2541,0.005116096025186935,-1.0281797901312129
20200113,5913,56,5969,0.00938180599765455,-0.08725987671567925
20200114,5025,23,5048,0.0045562599049128365,-1.151667077643747
20200115,5023,31,5054,0.006133755441234665,-0.8037069554063005
20200116,4842,31,4873,0.0063615842396880775,-0.753453034090046
20200117,4531,37,4568,0.008099824868651488,-0.37003615093202635
20200118,1708,8,1716,0.004662004662004662,-1.1283421567444882
20200119,2143,14,2157,0.006490496059341678,-0.7250179789715335
20200120,5433,49,5482,0.00893834367019336,-0.18507771652452495
20200121,5591,33,5624,0.005867709815078236,-0.8623906514717599
20200122,5531,21,5552,0.003782420749279539,-1.32235863333215
20200123,4421,59,4480,0.013169642857142857,0.7482519496545004
20200124,2223,26,2249,0.011560693641618497,0.3933538514874043
20200125,1724,8,1732,0.004618937644341801,-1.137841774578788
20200126,1773,11,1784,0.00616591928251121,-0.7966123336564934
20200127,2780,35,2815,0.012433392539964476,0.5858516483768914
20200128,5985,116,6101,0.019013276512047206,2.037226424734438
20200129,6175,73,6248,0.011683738796414853,0.4204948519643344
20200130,6335,50,6385,0.007830853563038372,-0.42936518624437203
20200131,5284,29,5313,0.005458309806135893,-0.9526951080458461
20200201,1954,21,1975,0.010632911392405063,0.18870590326007086
20200202,2771,28,2799,0.010003572704537335,0.04988790871296408
20200203,5469,54,5523,0.00977729494839761,-2.3887468455411588e-05
20200204,5462,76,5538,0.013723365836041893,0.8703908153356289
20200205,5695,68,5763,0.011799410029498525,0.44600933075455473
20200206,5785,77,5862,0.013135448652337086,0.7407094752638782
20200207,4665,41,4706,0.008712282192945177,-0.23494180643495619
20200208,1774,36,1810,0.019889502762430938,2.2305022763429214
20200209,2676,31,2707,0.011451791651274473,0.3693325157691669
20200210,5361,50,5411,0.009240436148586214,-0.11844289361169139
20200211,5294,35,5329,0.0065678363670482265,-0.7079584423175027
20200212,5230,48,5278,0.00909435392194013,-0.15066535527330066
20200213,5601,44,5645,0.007794508414526129,-0.4373821105575436
20200214,4310,32,4342,0.007369875633348687,-0.5310465749204941
20200215,1710,7,1717,0.004076878276062901,-1.2574079094447312
20200216,2233,12,2245,0.005345211581291759,-0.9776420389470657
20200217,5440,33,5473,0.006029599853827883,-0.8266813411280381
20200218,5989,66,6055,0.010900082576383155,0.24763787212769878
20200219,6563,77,6640,0.011596385542168675,0.40122668395657546
20200220,6665,100,6765,0.014781966001478197,1.1038942608190074
20200221,6059,60,6119,0.009805523778395163,0.006202759080080251
20200222,3137,120,3257,0.0368437212158428,5.970222478179368
20200223,3873,84,3957,0.02122820318423048,2.5257895539822655
20200224,6781,63,6844,0.009205143191116306,-0.12622772818813918
20200225,7044,102,7146,0.014273719563392108,0.9917864997184381
20200226,7531,134,7665,0.017482061317677756,1.6994747075746302
20200227,7733,103,7836,0.013144461459928534,0.7426974984049991
20200228,6926,82,7008,0.011700913242009132,0.4242831493323761
20200229,2945,60,3005,0.019966722129783693,2.2475351362683527
20200301,3813,51,3864,0.013198757763975156,0.7546740448725446
20200302,7486,130,7616,0.017069327731092435,1.6084349385654655
20200303,6980,76,7056,0.010770975056689343,0.2191596499710896
20200304,7724,117,7841,0.014921566126769545,1.1346869163557713
20200305,7268,87,7355,0.011828687967369137,0.45246738696184674
20200306,6448,79,6527,0.012103569787038455,0.5131001490652536
20200307,2818,54,2872,0.018802228412256268,1.9906739490472714
20200308,3445,60,3505,0.017118402282453638,1.6192596835471262
20200309,6929,131,7060,0.018555240793201134,1.9361940217582556
20200310,7449,143,7592,0.018835616438356163,1.9980385985029998
20200311,7610,97,7707,0.01258596081484365,0.6195047867561578
20200312,7421,89,7510,0.0118508655126498,0.45735925586993825
20200313,6498,65,6563,0.009904007313728478,0.027926017373956825
20200314,2586,46,2632,0.017477203647416412,1.6984032145028543
20200315,3258,50,3308,0.015114873035066506,1.177326083245072
20200316,6844,78,6922,0.011268419531927188,0.32888474042281335
20200317,7307,77,7384,0.01042795232936078,0.14349653246410085
20200318,7344,59,7403,0.00796974199648791,-0.39872951396021955
20200319,7276,54,7330,0.007366984993178717,-0.5316841852868807
20200320,5983,90,6073,0.014819693726329656,1.1122161504527899
20200321,2595,32,2627,0.01218119527978683,0.53022259114103
20200322,3269,50,3319,0.015064778547755347,1.166276363276383
20200323,7297,90,7387,0.012183565723568431,0.5307454578553957
20200324,7330,109,7439,0.014652507057400187,1.0753385223278877
20200325,7353,137,7490,0.01829105473965287,1.8779205056883324
20200326,7906,165,8071,0.020443563375046464,2.352715616446675
20200327,6146,80,6226,0.012849341471249599,0.6776006502865736
20200328,2574,35,2609,0.013415101571483326,0.8023946348663408
20200329,3514,57,3571,0.01596191542985158,1.364164631084604
20200330,7124,70,7194,0.009730330831248262,-0.01038311801319835
20200331,7295,85,7380,0.011517615176151762,0.3838517085244156
20200401,7525,77,7602,0.010128913443830571,0.07753526362561122
20200402,7460,66,7526,0.008769598724422003,-0.22229906555886786
20200403,6199,60,6259,0.009586195877935773,-0.04217605486691652
20200404,2744,24,2768,0.008670520231213872,-0.24415355821130855
20200405,3486,36,3522,0.010221465076660987,0.09795007731696156
20200406,6858,61,6919,0.008816302933949994,-0.21199716480404546
20200407,6921,63,6984,0.00902061855670103,-0.166929722500382
20200408,7366,107,7473,0.014318212230697177,1.0016005838775854
20200409,7519,128,7647,0.016738590296848436,1.535481681077095
20200410,6563,55,6618,0.008310667875491085,-0.3235289141484101
20200411,2635,28,2663,0.010514457378895982,0.1625776055431464
20200412,3594,36,3630,0.009917355371900827,0.030870299526483597
20200413,62,0,62,0.0,-2.1566757873074467
