date,clean,bad,total,ratio,z
20191016,5409,108,5517,0.01957585644371941,2.16472781586846
20191017,5020,78,5098,0.015300117693213025,1.2122159629456553
20191018,4380,34,4414,0.007702763932940644,-0.4802563628366532
20191019,1648,11,1659,0.006630500301386378,-0.7191259192127365
20191020,1967,11,1978,0.005561172901921132,-0.9573413673677802
20191021,5043,86,5129,0.01676740105283681,1.539084575176121
20191022,5113,65,5178,0.012553109308613364,0.60026135133623
20191023,5273,41,5314,0.0077154685735792245,-0.47742613360575364
20191024,4985,44,5029,0.00874925432491549,-0.24712834438421136
20191025,4198,52,4250,0.01223529411764706,0.5294612500909243
20191026,1612,6,1618,0.003708281829419036,-1.3701123086522713
20191027,2130,20,2150,0.009302325581395349,-0.12391994507647
20191028,4559,43,4602,0.009343763581051717,-0.1146887482851723
20191029,4846,39,4885,0.007983623336745137,-0.4176889501066473
20191030,5042,48,5090,0.009430255402750491,-0.09542085327189269
20191031,4989,47,5036,0.009332803812549643,-0.11713027009290183
20191101,4077,33,4110,0.008029197080291971,-0.4075364282985078
20191102,1641,17,1658,0.010253317249698432,0.08793369915804718
20191103,2065,12,2077,0.005777563793933558,-0.9091356884118422
20191104,4811,26,4837,0.0053752325821790365,-0.9987635329455127
20191105,4824,47,4871,0.009648942722233628,-0.04670359619744351
20191106,5124,37,5161,0.007169153264871149,-0.5991295016882855
20191107,4989,40,5029,0.007953867568104992,-0.4243176811812974
20191108,4268,25,4293,0.0058234334963894714,-0.8989172354546485
20191109,1687,7,1694,0.004132231404958678,-1.2756685132507688
20191110,2311,14,2325,0.006021505376344086,-0.8547925065139177
20191111,4946,29,4975,0.005829145728643216,-0.8976447140856347
20191112,5035,37,5072,0.007294952681388012,-0.571105002925611
20191113,4998,35,5033,0.006954102920723227,-0.647036545062197
20191114,5552,26,5578,0.004661168877733955,-1.1578364281604867
20191115,4377,25,4402,0.005679236710586098,-0.9310401399737372
20191116,1545,16,1561,0.010249839846252402,0.08715903349369948
20191117,2172,19,2191,0.00867183934276586,-0.26437418010852853
20191118,4979,52,5031,0.0103359173126615,0.10633462204305126
20191119,5263,32,5295,0.006043437204910292,-0.8499067246912775
20191120,5155,36,5191,0.00693507994606049,-0.6512743177376116
20191121,5074,50,5124,0.00975800156128025,-0.022408417534901134
20191122,4235,50,4285,0.011668611435239206,0.4032206158202633
20191123,1657,8,1665,0.004804804804804805,-1.1258384668668187
20191124,2244,12,2256,0.005319148936170213,-1.0112573593216458
20191125,5370,28,5398,0.005187106335679882,-1.0406726602548226
20191126,5101,31,5132,0.006040530007794232,-0.8505543647538286
20191127,5102,43,5145,0.008357628765792031,-0.33437127683148415
20191128,5057,42,5099,0.008236909197881937,-0.3612641311482887
20191129,3931,36,3967,0.009074867658179985,-0.17459104089077349
20191130,1527,13,1540,0.008441558441558441,-0.3156741543821752
20191201,2091,13,2104,0.006178707224334601,-0.8197724474669049
20191202,5270,30,5300,0.005660377358490566,-0.9352414622381789
20191203,5946,41,5987,0.006848171037247369,-0.6706351277869347
20191204,5858,33,5891,0.005601765404854863,-0.9482985229751935
20191205,6394,29,6423,0.004515024132025533,-1.1903932822276757
20191206,4936,24,4960,0.004838709677419355,-1.1182854345321438
20191207,1913,19,1932,0.009834368530020704,-0.005396049113548754
20191208,2420,13,2433,0.005343197698314837,-1.0058999854670896
20191209,6002,31,6033,0.005138405436764462,-1.0515218225099858
20191210,6410,54,6464,0.008353960396039604,-0.3351884843069587
20191211,6180,65,6245,0.010408326661329063,0.12246534632083991
20191212,6315,64,6379,0.010032920520457752,0.038835634660467036
20191213,5129,39,5168,0.0075464396284829725,-0.5150809303755867
20191214,1914,12,1926,0.006230529595015576,-0.8082279109083178
20191215,2496,17,2513,0.006764822920811779,-0.6892026955117607
20191216,6443,32,6475,0.004942084942084942,-1.0952563930872374
20191217,6527,47,6574,0.007149376331000912,-0.6035352348317428
20191218,5959,63,6022,0.010461640650946529,0.13434217275959856
20191219,5758,67,5825,0.011502145922746782,0.3661368782478672
20191220,4680,32,4712,0.006791171477079796,-0.6833329935451198
20191221,1775,7,1782,0.003928170594837262,-1.3211274039125658
20191222,2425,24,2449,0.009799918334013884,-0.013070563845797982
20191223,5758,53,5811,0.009120633281707107,-0.16439577373119227
20191224,5277,41,5318,0.0077096652877021435,-0.47871893910823304
20191225,2733,10,2743,0.0036456434560699965,-1.3840663401177573
20191226,5329,47,5376,0.008742559523809524,-0.2486197538875722
20191227,4825,36,4861,0.00740588356305287,-0.546392786907165
20191228,1809,19,1828,0.010393873085339168,0.11924550449915104
20191229,2396,22,2418,0.009098428453267164,-0.1693423720888815
20191230,5953,38,5991,0.006342847604740444,-0.7832066825774323
20191231,4635,22,4657,0.004724071290530384,-1.143823576285721
20200101,3250,14,3264,0.00428921568627451,-1.2406969218133386
20200102,5666,46,5712,0.008053221288515405,-0.40218452435274016
20200103,4654,26,4680,0.005555555555555556,-0.9585927508847341
20200104,1788,12,1800,0.006666666666666667,-0.7110690912312487
20200105,2395,20,2415,0.008281573498964804,-0.351314207014382
20200106,5436,91,5527,0.016464628188890898,1.4716354725812282
20200107,5890,47,5937,0.007916456122620852,-0.43265187729054255
20200108,6166,54,6220,0.008681672025723473,-0.26218374060563565
20200109,5989,65,6054,0.010736703006276842,0.1956181695014384
20200110,4971,43,5014,0.008575987235739928,-0.2857272779934291
20200111,1953,15,1968,0.007621951219512195,-0.49825911555355734
20200112,2528,13,2541,0.005116096025186935,-1.0564917189885328
20200113,5913,56,5969,0.00938180599765455,-0.10621398992353628
20200114,5025,23,5048,0.0045562599049128365,-1.1812071357553409
20200115,5023,31,5054,0.006133755441234665,-0.829786414341666
20200116,4842,31,4873,0.0063615842396880775,-0.7790326981707857
20200117,4531,37,4568,0.008099824868651488,-0.39180258451532635
20200118,1708,8,1716,0.004662004662004662,-1.1576502394172572
20200119,2143,14,2157,0.006490496059341678,-0.7503148453348613
20200120,5433,49,5482,0.00893834367019336,-0.2050046663140174
20200121,5591,33,5624,0.005867709815078236,-0.8890537426606041
20200122,5531,21,5552,0.003782420749279539,-1.3535962855623058
20200123,4421,59,4480,0.013169642857142857,0.7376073275442829
20200124,2223,26,2249,0.011560693641618497,0.37917962932340843
20200125,1724,8,1732,0.004618937644341801,-1.1672443346573025
20200126,1773,11,1784,0.00616591928251121,-0.8226212338105102
20200127,2780,35,2815,0.012433392539964476,0.5735918919081539
20200128,5985,116,6101,0.019013276512047206,2.0394011566868593
20200129,6175,73,6248,0.011683738796414853,0.40659055763944985
20200130,6335,50,6385,0.007830853563038372,-0.4517216702317474
20200131,5284,29,5313,0.005458309806135893,-0.9802563122886246
20200201,1954,21,1975,0.010632911392405063,0.1724963774052427
20200202,2771,28,2799,0.010003572704537335,0.03229778374095444
20200203,5469,54,5523,0.00977729494839761,-0.018110404727141018
20200204,5462,76,5538,0.013723365836041893,0.86096091189847
20200205,5695,68,5763,0.011799410029498525,0.4323587878760014
20200206,5785,77,5862,0.013135448652337086,0.7299898403030642
20200207,4665,41,4706,0.008712282192945177,-0.2553646740536465
20200208,1774,36,1810,0.019889502762430938,2.2345992120483484
20200209,2676,31,2707,0.011451791651274473,0.3549193920492573
20200210,5361,50,5411,0.009240436148586214,-0.13770713408898597
20200211,5294,35,5329,0.0065678363670482265,-0.7330856449328349
20200212,5230,48,5278,0.00909435392194013,-0.17025006070377777
20200213,5601,44,5645,0.007794508414526129,-0.45981832598510713
20200214,4310,32,4342,0.007369875633348687,-0.5544143199903973
20200215,1710,7,1717,0.004076878276062901,-1.2879996013845671
20200216,2233,12,2245,0.005345211581291759,-1.005451350150984
20200217,5440,33,5473,0.006029599853827883,-0.8529892892931228
20200218,5989,66,6055,0.010900082576383155,0.23201444769623333
20200219,6563,77,6640,0.011596385542168675,0.38713076018316006
20200220,6665,100,6765,0.014781966001478197,1.0967866402511908
20200221,6059,60,6119,0.009805523778395163,-0.011821831749283598
20200222,3137,120,3257,0.0368437212158428,6.011512390386189
20200223,3873,84,3957,0.02122820318423048,2.5328232368734866
20200224,6781,63,6844,0.009205143191116306,-0.1455693918826378
20200225,7044,102,7146,0.014273719563392108,0.9835639237263654
20200226,7531,134,7665,0.017482061317677756,1.698290366922245
20200227,7733,103,7836,0.013144461459928534,0.7319976351099734
20200228,6926,82,7008,0.011700913242009132,0.4104165311028638
20200229,2945,60,3005,0.019966722129783693,2.2518014704113014
20200301,3813,51,3864,0.013198757763975156,0.7440932930049237
20200302,7486,130,7616,0.017069327731092435,1.6063451718900887
20200303,6980,76,7056,0.010770975056689343,0.20325299850917622
20200304,7724,117,7841,0.014921566126769545,1.1278855407613706
20200305,7268,87,7355,0.011828687967369137,0.4388810719719586
20200306,6448,79,6527,0.012103569787038455,0.5001168505510416
20200307,2818,54,2872,0.018802228412256268,1.992385698466009
20200308,3445,60,3505,0.017118402282453638,1.6172775731839888
20200309,6929,131,7060,0.018555240793201134,1.9373639470441442
20200310,7449,143,7592,0.018835616438356163,1.999823592233976
20200311,7610,97,7707,0.01258596081484365,0.6075797238787547
20200312,7421,89,7510,0.0118508655126498,0.443821592424959
20200313,6498,65,6563,0.009904007313728478,0.010117472823900478
20200314,2586,46,2632,0.017477203647416412,1.6972082174338152
20200315,3258,50,3308,0.015114873035066506,1.1709487708015385
20200316,6844,78,6922,0.011268419531927188,0.31406934779592727
20200317,7307,77,7384,0.01042795232936078,0.12683738177775947
20200318,7344,59,7403,0.00796974199648791,-0.420781314233875
20200319,7276,54,7330,0.007366984993178717,-0.5550582716406485
20200320,5983,90,6073,0.014819693726329656,1.1051912943242606
20200321,2595,32,2627,0.01218119527978683,0.5174095819937761
20200322,3269,50,3319,0.015064778547755347,1.1597891570565877
20200323,7297,90,7387,0.012183565723568431,0.5179376488216185
20200324,7330,109,7439,0.014652507057400187,1.0679469037994327
20200325,7353,137,7490,0.01829105473965287,1.8785108781208344
20200326,7906,165,8071,0.020443563375046464,2.3580280115023506
20200327,6146,80,6226,0.012849341471249599,0.6662533734387386
20200328,2574,35,2609,0.013415101571483326,0.792288482884936
20200329,3514,57,3571,0.01596191542985158,1.3596455008965072
20200330,7124,70,7194,0.009730330831248262,-0.028572661861422377
20200331,7295,85,7380,0.011517615176151762,0.3695829838412842
20200401,7525,77,7602,0.010128913443830571,0.06022010238513605
20200402,7460,66,7526,0.008769598724422003,-0.24259619618683712
20200403,6199,60,6259,0.009586195877935773,-0.06068179187652465
20200404,2744,24,2768,0.008670520231213872,-0.2646680402954838
20200405,3486,36,3522,0.010221465076660987,0.08083794936371731
20200406,6858,61,6919,0.008816302933949994,-0.23219183900960494
20200407,6921,63,6984,0.00902061855670103,-0.1866761834086592
20200408,7366,107,7473,0.014318212230697177,0.9934756127815515
20200409,7519,128,7647,0.016738590296848436,1.532666365792458
20200410,6563,55,6618,0.008310667875491085,-0.34483281511657266
20200411,2635,28,2663,0.010514457378895982,0.1461082235732726
20200412,3598,36,3634,0.009906439185470555,0.010659224037966538
20200413,201,3,204,0.014705882352941176,1.0798373874380853
