date,clean,bad,total,ratio,z
20191012,301,9,310,0.02903225806451613,1.7179158847952656
20191013,349,3,352,0.008522727272727272,-0.9318357146487654
20191014,363,3,366,0.00819672131147541,-0.9739544167304948
20191015,361,7,368,0.019021739130434784,0.424595777859107
20191016,364,9,373,0.024128686327077747,1.0843934904424974
20191017,358,8,366,0.02185792349726776,0.7910197657419792
20191018,341,4,345,0.011594202898550725,-0.5350130113503838
20191019,298,5,303,0.0165016501650165,0.09901008627752383
20191020,307,1,308,0.003246753246753247,-1.6134710360938975
20191021,345,11,356,0.03089887640449438,1.9590757134681445
20191022,344,9,353,0.025495750708215296,1.261012890819635
20191023,337,10,347,0.02881844380403458,1.690291914044957
20191024,353,9,362,0.024861878453038673,1.1791190611143794
20191025,336,5,341,0.01466275659824047,-0.13856780954264336
20191026,305,2,307,0.006514657980456026,-1.1912704561359004
20191027,353,4,357,0.011204481792717087,-0.5853634622701686
20191028,350,9,359,0.025069637883008356,1.205960771314895
20191029,381,9,390,0.023076923076923078,0.9485097697164463
20191030,341,3,344,0.00872093023255814,-0.9062286632170161
20191031,343,7,350,0.02,0.5509832769257228
20191101,348,4,352,0.011363636363636364,-0.564801310793694
20191102,309,7,316,0.022151898734177215,0.829000222833159
20191103,326,5,331,0.015105740181268883,-0.08133605375196858
20191104,366,9,375,0.024,1.067767717553663
20191105,365,3,368,0.008152173913043478,-0.9797097673255137
20191106,362,4,366,0.01092896174863388,-0.620959580236
20191107,342,6,348,0.017241379310344827,0.19458021442369483
20191108,348,5,353,0.014164305949008499,-0.20296569452863786
20191109,317,5,322,0.015527950310559006,-0.026788147378806925
20191110,322,4,326,0.012269938650306749,-0.44771058072949943
20191111,371,3,374,0.008021390374331552,-0.9966064917996601
20191112,379,8,387,0.020671834625323,0.6377816971862296
20191113,357,4,361,0.0110803324099723,-0.6014030795991859
20191114,410,4,414,0.00966183574879227,-0.7846673304943165
20191115,360,5,365,0.0136986301369863,-0.26312919803610124
20191116,297,3,300,0.01,-0.7409778246441282
20191117,312,6,318,0.018867924528301886,0.40472352957819235
20191118,356,7,363,0.01928374655647383,0.4584461181355957
20191119,367,4,371,0.01078167115902965,-0.6399889514755953
20191120,360,8,368,0.021739130434782608,0.775672164155262
20191121,336,9,345,0.02608695652173913,1.3373943822291101
20191122,339,10,349,0.02865329512893983,1.6689553476251355
20191123,313,3,316,0.00949367088607595,-0.8063935766223485
20191124,318,3,321,0.009345794392523364,-0.825498644372997
20191125,360,2,362,0.0055248618784530384,-1.319148262363233
20191126,377,3,380,0.007894736842105263,-1.012969635500939
20191127,338,7,345,0.020289855072463767,0.5884314247973124
20191128,368,7,375,0.018666666666666668,0.37872179671640943
20191129,353,2,355,0.005633802816901409,-1.3050735168788519
20191130,313,2,315,0.006349206349206349,-1.2126461633124865
20191201,314,7,321,0.021806853582554516,0.7844217314149792
20191202,377,1,378,0.0026455026455026454,-1.691150275005024
20191203,370,5,375,0.013333333333333334,-0.3103241241208445
20191204,363,6,369,0.016260162601626018,0.06781083243618519
20191205,355,7,362,0.019337016574585635,0.46532839726363306
20191206,358,4,362,0.011049723756906077,-0.6053575985124865
20191207,299,6,305,0.019672131147540985,0.5086238965463835
20191208,324,3,327,0.009174311926605505,-0.8476535119297122
20191209,365,2,367,0.005449591280653951,-1.3288729308080658
20191210,352,3,355,0.008450704225352112,-0.9411408122112883
20191211,357,8,365,0.021917808219178082,0.7987566388706256
20191212,380,7,387,0.01808785529715762,0.3039416192612032
20191213,352,7,359,0.019498607242339833,0.4862052829751453
20191214,297,3,300,0.01,-0.7409778246441282
20191215,318,1,319,0.003134796238244514,-1.6279354460980386
20191216,338,7,345,0.020289855072463767,0.5884314247973124
20191217,362,4,366,0.01092896174863388,-0.620959580236
20191218,345,12,357,0.03361344537815126,2.309787465617452
20191219,375,5,380,0.013157894736842105,-0.33299010835891224
20191220,347,2,349,0.0057306590257879654,-1.2925600714461565
20191221,280,3,283,0.01060070671378092,-0.663368853878448
20191222,335,3,338,0.008875739644970414,-0.8862278893176617
20191223,362,5,367,0.013623978201634877,-0.2727739376991959
20191224,359,2,361,0.00554016620498615,-1.3171710029065826
20191225,321,4,325,0.012307692307692308,-0.4428329550510857
20191226,342,9,351,0.02564102564102564,1.2797818470420488
20191227,348,4,352,0.011363636363636364,-0.564801310793694
20191228,303,6,309,0.019417475728155338,0.4757234069313622
20191229,331,5,336,0.01488095238095238,-0.11037776316360585
20191230,342,5,347,0.01440922190201729,-0.17132350608451102
20191231,362,2,364,0.005494505494505495,-1.3230701890876873
20200101,362,1,363,0.0027548209366391185,-1.6770267770211829
20200102,350,3,353,0.0084985835694051,-0.9349549872027743
20200103,356,3,359,0.008356545961002786,-0.9533056937043544
20200104,305,3,308,0.00974025974025974,-0.7745352558537347
20200105,312,4,316,0.012658227848101266,-0.3975451267584717
20200106,342,10,352,0.028409090909090908,1.6374051123367337
20200107,346,5,351,0.014245014245014245,-0.19253849662729688
20200108,333,5,338,0.014792899408284023,-0.12175386472011693
20200109,361,4,365,0.010958904109589041,-0.6170911436716767
20200110,362,4,366,0.01092896174863388,-0.620959580236
20200111,304,2,306,0.006535947712418301,-1.1885199055800895
20200112,324,4,328,0.012195121951219513,-0.45737660722635604
20200113,377,2,379,0.005277044854881266,-1.3511652578393876
20200114,351,6,357,0.01680672268907563,0.1384242697017366
20200115,346,6,352,0.017045454545454544,0.1692674969164484
20200116,339,6,345,0.017391304347826087,0.2139499460814138
20200117,343,8,351,0.022792022792022793,0.9117017611247126
20200118,326,3,329,0.00911854103343465,-0.8548588943873674
20200119,309,5,314,0.01592356687898089,0.024323974374955443
20200120,354,11,365,0.030136986301369864,1.8606424757773525
20200121,349,2,351,0.005698005698005698,-1.2967787543793063
20200122,360,2,362,0.0055248618784530384,-1.319148262363233
20200123,363,6,369,0.016260162601626018,0.06781083243618519
20200124,324,4,328,0.012195121951219513,-0.45737660722635604
20200125,318,2,320,0.00625,-1.2254632377328223
20200126,309,4,313,0.012779552715654952,-0.38187042580522407
20200127,337,8,345,0.02318840579710145,0.9629129035132115
20200128,356,11,367,0.02997275204359673,1.8394240485185438
20200129,366,4,370,0.010810810810810811,-0.6362242218141403
20200130,363,7,370,0.01891891891891892,0.41131180648573895
20200131,367,7,374,0.01871657754010695,0.3851700874194315
20200201,321,2,323,0.006191950464396285,-1.2329630119292416
20200202,339,7,346,0.02023121387283237,0.5808552099099967
20200203,352,7,359,0.019498607242339833,0.4862052829751453
20200204,351,16,367,0.043596730245231606,3.599589037033327
20200205,372,7,379,0.018469656992084433,0.3532689130970912
20200206,367,9,376,0.023936170212765957,1.0595211573308767
20200207,359,7,366,0.01912568306010929,0.43802492924748443
20200208,303,7,310,0.02258064516129032,0.8843925934598776
20200209,324,11,335,0.03283582089552239,2.209321407298964
20200210,357,5,362,0.013812154696132596,-0.24846226658711332
20200211,352,3,355,0.008450704225352112,-0.9411408122112883
20200212,357,6,363,0.01652892561983471,0.1025339689427993
20200213,357,4,361,0.0110803324099723,-0.6014030795991859
20200214,346,6,352,0.017045454545454544,0.1692674969164484
20200215,297,1,298,0.003355704697986577,-1.599394932398593
20200216,304,8,312,0.02564102564102564,1.2797818470420488
20200217,355,5,360,0.013888888888888888,-0.23854850736696406
20200218,367,2,369,0.005420054200542005,-1.3326890066639245
20200219,341,6,347,0.01729106628242075,0.20099957794138287
20200220,340,10,350,0.02857142857142857,1.6583785068427377
20200221,349,3,352,0.008522727272727272,-0.9318357146487654
20200222,307,13,320,0.040625,3.2156530489135404
20200223,322,4,326,0.012269938650306749,-0.44771058072949943
20200224,335,6,341,0.017595307917888565,0.24030641379162387
20200225,338,4,342,0.011695906432748537,-0.5218733103428086
20200226,348,3,351,0.008547008547008548,-0.9286986684619697
20200227,326,7,333,0.021021021021021023,0.6828952212301521
20200228,340,4,344,0.011627906976744186,-0.5306585755513619
20200229,311,6,317,0.01892744479495268,0.41241331650498164
20200301,329,4,333,0.012012012012012012,-0.4810336991030471
20200302,334,14,348,0.040229885057471264,3.164605735273927
20200303,348,7,355,0.01971830985915493,0.5145900064589666
20200304,348,8,356,0.02247191011235955,0.8703444481002925
20200305,348,5,353,0.014164305949008499,-0.20296569452863786
20200306,340,7,347,0.020172910662824207,0.5733226619672763
20200307,313,9,322,0.027950310559006212,1.5781324756893311
20200308,337,8,345,0.02318840579710145,0.9629129035132115
20200309,364,5,369,0.013550135501355014,-0.28231412733884226
20200310,363,7,370,0.01891891891891892,0.41131180648573895
20200311,359,7,366,0.01912568306010929,0.43802492924748443
20200312,350,4,354,0.011299435028248588,-0.5730958735926787
20200313,341,6,347,0.01729106628242075,0.20099957794138287
20200314,330,6,336,0.017857142857142856,0.2741344694464688
20200315,334,4,338,0.011834319526627219,-0.5039908770188893
20200316,386,1,387,0.002583979328165375,-1.699098848288953
20200317,354,6,360,0.016666666666666666,0.12032957640243903
20200318,366,5,371,0.013477088948787063,-0.29175145779099937
20200319,369,3,372,0.008064516129032258,-0.9910348120447445
20200320,345,8,353,0.0226628895184136,0.8950182444825671
20200321,333,5,338,0.014792899408284023,-0.12175386472011693
20200322,338,6,344,0.01744186046511628,0.22048159977994686
20200323,378,6,384,0.015625,-0.014249705011087074
20200324,376,9,385,0.023376623376623377,0.9872298826506075
20200325,345,8,353,0.0226628895184136,0.8950182444825671
20200326,347,8,355,0.022535211267605635,0.8785227111265301
20200327,372,2,374,0.0053475935828877,-1.3420506366044331
20200328,329,3,332,0.009036144578313253,-0.8655041958797766
20200329,342,6,348,0.017241379310344827,0.19458021442369483
20200330,356,6,362,0.016574585635359115,0.10843306533825987
20200331,361,8,369,0.02168021680216802,0.7680607519862397
20200401,373,2,375,0.005333333333333333,-1.3438930053767255
20200402,360,8,368,0.021739130434782608,0.775672164155262
20200403,349,6,355,0.016901408450704224,0.1506573017914025
20200404,352,1,353,0.0028328611898017,-1.666944279876911
20200405,359,4,363,0.011019283746556474,-0.6092903294427935
20200406,343,6,349,0.017191977077363897,0.18819763808948956
20200407,342,9,351,0.02564102564102564,1.2797818470420488
20200408,332,5,337,0.01483679525222552,-0.11608269243081747
20200409,196,4,200,0.02,0.5509832769257228
