date,clean,bad,total,ratio,z
20191018,4380,34,4414,0.007702763932940644,-0.46049152625397566
20191019,1648,11,1659,0.006630500301386378,-0.7036583463840553
20191020,1967,11,1978,0.005561172901921132,-0.9461592908850083
20191021,5043,86,5129,0.01676740105283681,1.5951773589092548
20191022,5113,65,5178,0.012553109308613364,0.6394647035636372
20191023,5273,41,5314,0.0077154685735792245,-0.4576103811940606
20191024,4985,44,5029,0.00874925432491549,-0.22316953432523456
20191025,4198,52,4250,0.01223529411764706,0.567390908368058
20191026,1612,6,1618,0.003708281829419036,-1.3663559821545335
20191027,2130,20,2150,0.009302325581395349,-0.09774461568968287
20191028,4559,43,4602,0.009343763581051717,-0.0883473496513071
20191029,4846,39,4885,0.007983623336745137,-0.3967985256550717
20191030,5042,48,5090,0.009430255402750491,-0.06873282517166715
20191031,4989,47,5036,0.009332803812549643,-0.09083279444080175
20191101,4077,33,4110,0.008029197080291971,-0.38646335996112413
20191102,1641,17,1658,0.010253317249698432,0.11792027599022947
20191103,2065,12,2077,0.005777563793933558,-0.8970863916769088
20191104,4811,26,4837,0.0053752325821790365,-0.9883266412968807
20191105,4824,47,4871,0.009648942722233628,-0.019139144553773427
20191106,5124,37,5161,0.007169153264871149,-0.5815031930899218
20191107,4989,40,5029,0.007953867568104992,-0.40354650761382044
20191108,4268,25,4293,0.0058234334963894714,-0.8866841087324157
20191109,1687,7,1694,0.004132231404958678,-1.2702131427018513
20191110,2311,14,2325,0.006021505376344086,-0.8417655758377252
20191111,4946,29,4975,0.005829145728643216,-0.885388694701657
20191112,5035,37,5072,0.007294952681388012,-0.5529745335434966
20191113,4998,35,5033,0.006954102920723227,-0.6302720842613304
20191114,5552,26,5578,0.004661168877733955,-1.1502612581863167
20191115,4377,25,4402,0.005679236710586098,-0.9193849043622729
20191116,1545,16,1561,0.010249839846252402,0.11713167408917012
20191117,2172,19,2191,0.00867183934276586,-0.24072562266562306
20191118,4979,52,5031,0.0103359173126615,0.13665223151142816
20191119,5263,32,5295,0.006043437204910292,-0.8367918987912026
20191120,5155,36,5191,0.00693507994606049,-0.6345860944748893
20191121,5074,50,5124,0.00975800156128025,0.005593104417130195
20191122,4235,50,4285,0.011668611435239206,0.4388792048570844
20191123,1657,8,1665,0.004804804804804805,-1.117687653510733
20191124,2244,12,2256,0.005319148936170213,-1.0010452316322618
20191125,5370,28,5398,0.005187106335679882,-1.0309897138827682
20191126,5101,31,5132,0.006040530007794232,-0.8374511898996579
20191127,5102,43,5145,0.008357628765792031,-0.3119819672860335
20191128,5057,42,5099,0.008236909197881937,-0.3393586241009477
20191129,3931,36,3967,0.009074867658179985,-0.14932728460991726
20191130,1527,13,1540,0.008441558441558441,-0.29294848356982894
20191201,2091,13,2104,0.006178707224334601,-0.8061155058647131
20191202,5270,30,5300,0.005660377358490566,-0.9236618084218992
20191203,5946,41,5987,0.006848171037247369,-0.6542952055322404
20191204,5858,33,5891,0.005601765404854863,-0.9369537657053391
20191205,6394,29,6423,0.004515024132025533,-1.1834038101174345
20191206,4936,24,4960,0.004838709677419355,-1.1099987421106092
20191207,1913,19,1932,0.009834368530020704,0.022911525377348634
20191208,2420,13,2433,0.005343197698314837,-0.9955914786123106
20191209,6002,31,6033,0.005138405436764462,-1.0420340525866496
20191210,6410,54,6464,0.008353960396039604,-0.31281387632547925
20191211,6180,65,6245,0.010408326661329063,0.1530731475483354
20191212,6315,64,6379,0.010032920520457752,0.06793893722296952
20191213,5129,39,5168,0.0075464396284829725,-0.4959425878263223
20191214,1914,12,1926,0.006230529595015576,-0.7943632830724237
20191215,2496,17,2513,0.006764822920811779,-0.6731968038342327
20191216,6443,32,6475,0.004942084942084942,-1.0865554081681916
20191217,6527,47,6574,0.007149376331000912,-0.5859881853806492
20191218,5959,63,6022,0.010461640650946529,0.16516363811634552
20191219,5758,67,5825,0.011502145922746782,0.4011283307782611
20191220,4680,32,4712,0.006791171477079796,-0.6672215059185279
20191221,1775,7,1782,0.003928170594837262,-1.3164898388893984
20191222,2425,24,2449,0.009799918334013884,0.015098946111097081
20191223,5758,53,5811,0.009120633281707107,-0.13894860457557776
20191224,5277,41,5318,0.0077096652877021435,-0.4589264442698828
20191225,2733,10,2743,0.0036456434560699965,-1.3805610466714826
20191226,5329,47,5376,0.008742559523809524,-0.22468777428827552
20191227,4825,36,4861,0.00740588356305287,-0.5278177447138975
20191228,1809,19,1828,0.010393873085339168,0.14979538076641358
20191229,2396,22,2418,0.009098428453267164,-0.14398419224672562
20191230,5953,38,5991,0.006342847604740444,-0.7688919227983219
20191231,4635,22,4657,0.004724071290530384,-1.1359963150808179
20200101,3250,14,3264,0.00428921568627451,-1.2346124122708062
20200102,5666,46,5712,0.008053221288515405,-0.3810151752536306
20200103,4654,26,4680,0.005555555555555556,-0.9474331867937098
20200104,1788,12,1800,0.006666666666666667,-0.6954565760525155
20200105,2395,20,2415,0.008281573498964804,-0.3292297008137612
20200106,5436,91,5527,0.016464628188890898,1.5265148468359089
20200107,5890,47,5937,0.007916456122620852,-0.4120306359262408
20200108,6166,54,6220,0.008681672025723473,-0.2384957771520861
20200109,5989,65,6054,0.010736703006276842,0.22754199015110568
20200110,4971,43,5014,0.008575987235739928,-0.26246286282034
20200111,1953,15,1968,0.007621951219512195,-0.4788181485250255
20200112,2528,13,2541,0.005116096025186935,-1.0470933575118917
20200113,5913,56,5969,0.00938180599765455,-0.07972013037131948
20200114,5025,23,5048,0.0045562599049128365,-1.1740524048533418
20200115,5023,31,5054,0.006133755441234665,-0.8163096240217786
20200116,4842,31,4873,0.0063615842396880775,-0.7646428484046022
20200117,4531,37,4568,0.008099824868651488,-0.3704464642996445
20200118,1708,8,1716,0.004662004662004662,-1.1500717199072577
20200119,2143,14,2157,0.006490496059341678,-0.7354083613438872
20200120,5433,49,5482,0.00893834367019336,-0.18028805120988425
20200121,5591,33,5624,0.005867709815078236,-0.8766431716850529
20200122,5531,21,5552,0.003782420749279539,-1.349542835779117
20200123,4421,59,4480,0.013169642857142857,0.7792815341336702
20200124,2223,26,2249,0.011560693641618497,0.4144057209693917
20200125,1724,8,1732,0.004618937644341801,-1.1598384129381345
20200126,1773,11,1784,0.00616591928251121,-0.8090155418798253
20200127,2780,35,2815,0.012433392539964476,0.6123154605119061
20200128,5985,116,6101,0.019013276512047206,2.104494636632048
20200129,6175,73,6248,0.011683738796414853,0.4423097719357321
20200130,6335,50,6385,0.007830853563038372,-0.43144349447716873
20200131,5284,29,5313,0.005458309806135893,-0.9694864757066884
20200201,1954,21,1975,0.010632911392405063,0.20400423697301312
20200202,2771,28,2799,0.010003572704537335,0.06128347035351469
20200203,5469,54,5523,0.00977729494839761,0.009968438483125161
20200204,5462,76,5538,0.013723365836041893,0.9048542496949173
20200205,5695,68,5763,0.011799410029498525,0.46854157268114255
20200206,5785,77,5862,0.013135448652337086,0.7715270082831166
20200207,4665,41,4706,0.008712282192945177,-0.2315540355804146
20200208,1774,36,1810,0.019889502762430938,2.30320430536479
20200209,2676,31,2707,0.011451791651274473,0.3897090419825201
20200210,5361,50,5411,0.009240436148586214,-0.11177983625762945
20200211,5294,35,5329,0.0065678363670482265,-0.7178692075952678
20200212,5230,48,5278,0.00909435392194013,-0.14490821018145603
20200213,5601,44,5645,0.007794508414526129,-0.43968580908226895
20200214,4310,32,4342,0.007369875633348687,-0.535983585191898
20200215,1710,7,1717,0.004076878276062901,-1.2827660671336216
20200216,2233,12,2245,0.005345211581291759,-0.9951347723460517
20200217,5440,33,5473,0.006029599853827883,-0.839929918735846
20200218,5989,66,6055,0.010900082576383155,0.2645930374568735
20200219,6563,77,6640,0.011596385542168675,0.42249989268778293
20200220,6665,100,6765,0.014781966001478197,1.1449224833299538
20200221,6059,60,6119,0.009805523778395163,0.016370142900300703
20200222,3137,120,3257,0.0368437212158428,6.148064158655669
20200223,3873,84,3957,0.02122820318423048,2.6067933809393597
20200224,6781,63,6844,0.009205143191116306,-0.11978353608329997
20200225,7044,102,7146,0.014273719563392108,1.0296628899287588
20200226,7531,134,7665,0.017482061317677756,1.7572472631386782
20200227,7733,103,7836,0.013144461459928534,0.7735709233222566
20200228,6926,82,7008,0.011700913242009132,0.44620457466871694
20200229,2945,60,3005,0.019966722129783693,2.3207160323870037
20200301,3813,51,3864,0.013198757763975156,0.7858841821247536
20200302,7486,130,7616,0.017069327731092435,1.6636479738805345
20200303,6980,76,7056,0.010770975056689343,0.2353141697465896
20200304,7724,117,7841,0.014921566126769545,1.176580853116918
20200305,7268,87,7355,0.011828687967369137,0.47518119267985787
20200306,6448,79,6527,0.012103569787038455,0.53751860302704
20200307,2818,54,2872,0.018802228412256268,2.056633370232227
20200308,3445,60,3505,0.017118402282453638,1.674777049093611
20200309,6929,131,7060,0.018555240793201134,2.000621777402132
20200310,7449,143,7592,0.018835616438356163,2.064205071722618
20200311,7610,97,7707,0.01258596081484365,0.6469147336415227
20200312,7421,89,7510,0.0118508655126498,0.4802105931048005
20200313,6498,65,6563,0.009904007313728478,0.0387041356026903
20200314,2586,46,2632,0.017477203647416412,1.7561456457789817
20200315,3258,50,3308,0.015114873035066506,1.2204187907438924
20200316,6844,78,6922,0.011268419531927188,0.34812410535871735
20200317,7307,77,7384,0.01042795232936078,0.15752383593108293
20200318,7344,59,7403,0.00796974199648791,-0.39994652141857695
20200319,7276,54,7330,0.007366984993178717,-0.5366391215335092
20200320,5983,90,6073,0.014819693726329656,1.1534783371450963
20200321,2595,32,2627,0.01218119527978683,0.5551224307399056
20200322,3269,50,3319,0.015064778547755347,1.2090584155273572
20200323,7297,90,7387,0.012183565723568431,0.5556599974909421
20200324,7330,109,7439,0.014652507057400187,1.1155639199669345
20200325,7353,137,7490,0.01829105473965287,1.9407099416617675
20200326,7906,165,8071,0.020443563375046464,2.428853589145635
20200327,6146,80,6226,0.012849341471249599,0.7066439222638886
20200328,2574,35,2609,0.013415101571483326,0.8349464035584323
20200329,3514,57,3571,0.01596191542985158,1.4125101753567355
20200330,7124,70,7194,0.009730330831248262,-0.0006820346760453309
20200331,7295,85,7380,0.011517615176151762,0.40463643181757625
20200401,7525,77,7602,0.010128913443830571,0.08970811156092937
20200402,7460,66,7526,0.008769598724422003,-0.21855585277354014
20200403,6199,60,6259,0.009586195877935773,-0.03336880799856436
20200404,2744,24,2768,0.008670520231213872,-0.24102476939787656
20200405,3486,36,3522,0.010221465076660987,0.11069687364418393
20200406,6858,61,6919,0.008816302933949994,-0.2079643211917515
20200407,6921,63,6984,0.00902061855670103,-0.16162983886369714
20200408,7366,107,7473,0.014318212230697177,1.0397528902880888
20200409,7519,128,7647,0.016738590296848436,1.5886436859270971
20200410,6563,55,6618,0.008310667875491085,-0.3226317086639128
20200411,2636,28,2664,0.010510510510510511,0.1762462935386429
20200412,3602,36,3638,0.009895547003848268,0.036785515414198285
20200413,6928,56,6984,0.008018327605956471,-0.38892832793436205
20200414,540,5,545,0.009174311926605505,-0.1267754178659671
