date,clean,bad,total,ratio,z
20191017,5020,78,5098,0.015300117693213025,1.2494534620538806
20191018,4380,34,4414,0.007702763932940644,-0.4656471979396727
20191019,1648,11,1659,0.006630500301386378,-0.7077104373510585
20191020,1967,11,1978,0.005561172901921132,-0.9491108231225222
20191021,5043,86,5129,0.01676740105283681,1.5806923036157465
20191022,5113,65,5178,0.012553109308613364,0.6293170248023672
20191023,5273,41,5314,0.0077154685735792245,-0.4627791285787128
20191024,4985,44,5029,0.00874925432491549,-0.22940226074345837
20191025,4198,52,4250,0.01223529411764706,0.5575703270728747
20191026,1612,6,1618,0.003708281829419036,-1.3674005068229391
20191027,2130,20,2150,0.009302325581395349,-0.10454656665003749
20191028,4559,43,4602,0.009343763581051717,-0.09519194887100417
20191029,4846,39,4885,0.007983623336745137,-0.40224325966982794
20191030,5042,48,5090,0.009430255402750491,-0.07566644233801707
20191031,4989,47,5036,0.009332803812549643,-0.09766611379531986
20191101,4077,33,4110,0.008029197080291971,-0.391954998769792
20191102,1641,17,1658,0.010253317249698432,0.11013955820621923
20191103,2065,12,2077,0.005777563793933558,-0.9002606348309348
20191104,4811,26,4837,0.0053752325821790365,-0.9910868025453425
20191105,4824,47,4871,0.009648942722233628,-0.026297836134756447
20191106,5124,37,5161,0.007169153264871149,-0.5861096691979256
20191107,4989,40,5029,0.007953867568104992,-0.40896061679754175
20191108,4268,25,4293,0.0058234334963894714,-0.8899055612831914
20191109,1687,7,1694,0.004132231404958678,-1.2716939990367389
20191110,2311,14,2325,0.006021505376344086,-0.8451908852583983
20191111,4946,29,4975,0.005829145728643216,-0.8886160263191012
20191112,5035,37,5072,0.007294952681388012,-0.5577104832309501
20191113,4998,35,5033,0.006954102920723227,-0.6346572291534223
20191114,5552,26,5578,0.004661168877733955,-1.1522865004158407
20191115,4377,25,4402,0.005679236710586098,-0.9224579486412139
20191116,1545,16,1561,0.010249839846252402,0.10935453527145252
20191117,2172,19,2191,0.00867183934276586,-0.24687867307962158
20191118,4979,52,5031,0.0103359173126615,0.12878650120422264
20191119,5263,32,5295,0.006043437204910292,-0.8402397805927894
20191120,5155,36,5191,0.00693507994606049,-0.6389516607974651
20191121,5074,50,5124,0.00975800156128025,-0.0016778312318536522
20191122,4235,50,4285,0.011668611435239206,0.4296418570723174
20191123,1657,8,1665,0.004804804804804805,-1.1198607267726284
20191124,2244,12,2256,0.005319148936170213,-1.0037476712266937
20191125,5370,28,5398,0.005187106335679882,-1.0335562543721115
20191126,5101,31,5132,0.006040530007794232,-0.8408960795950235
20191127,5102,43,5145,0.008357628765792031,-0.3178116301261614
20191128,5057,42,5099,0.008236909197881937,-0.345064041574923
20191129,3931,36,3967,0.009074867658179985,-0.15589513439311006
20191130,1527,13,1540,0.008441558441558441,-0.29886452737931585
20191201,2091,13,2104,0.006178707224334601,-0.809702608451992
20191202,5270,30,5300,0.005660377358490566,-0.9267154425327367
20191203,5946,41,5987,0.006848171037247369,-0.6585713246393866
20191204,5858,33,5891,0.005601765404854863,-0.9399470760114575
20191205,6394,29,6423,0.004515024132025533,-1.1852786392220924
20191206,4936,24,4960,0.004838709677419355,-1.1122067104883941
20191207,1913,19,1932,0.009834368530020704,0.015561992346371234
20191208,2420,13,2433,0.005343197698314837,-0.9983186693494934
20191209,6002,31,6033,0.005138405436764462,-1.044550469793393
20191210,6410,54,6464,0.008353960396039604,-0.3186397636555473
20191211,6180,65,6245,0.010408326661329063,0.14513289306751143
20191212,6315,64,6379,0.010032920520457752,0.06038505318925691
20191213,5129,39,5168,0.0075464396284829725,-0.5009373695189375
20191214,1914,12,1926,0.006230529595015576,-0.7980037215813897
20191215,2496,17,2513,0.006764822920811779,-0.6773871405166738
20191216,6443,32,6475,0.004942084942084942,-1.0888697710421782
20191217,6527,47,6574,0.007149376331000912,-0.5905743069394063
20191218,5959,63,6022,0.010461640650946529,0.1571685125299025
20191219,5758,67,5825,0.011502145922746782,0.3920623103839865
20191220,4680,32,4712,0.006791171477079796,-0.671438960706822
20191221,1775,7,1782,0.003928170594837262,-1.3177606745084247
20191222,2425,24,2449,0.009799918334013884,0.007784869446398975
20191223,5758,53,5811,0.009120633281707107,-0.14556355663680862
20191224,5277,41,5318,0.0077096652877021435,-0.464089218874884
20191225,2733,10,2743,0.0036456434560699965,-1.3815411035177558
20191226,5329,47,5376,0.008742559523809524,-0.23091361037356384
20191227,4825,36,4861,0.00740588356305287,-0.5326678651878166
20191228,1809,19,1828,0.010393873085339168,0.14187000200020794
20191229,2396,22,2418,0.009098428453267164,-0.15057629095379327
20191230,5953,38,5991,0.006342847604740444,-0.7726479597349943
20191231,4635,22,4657,0.004724071290530384,-1.1380862968835945
20200101,3250,14,3264,0.00428921568627451,-1.23625483785126
20200102,5666,46,5712,0.008053221288515405,-0.3865315399339937
20200103,4654,26,4680,0.005555555555555556,-0.95037893762173
20200104,1788,12,1800,0.006666666666666667,-0.6995458896784004
20200105,2395,20,2415,0.008281573498964804,-0.3349810870775364
20200106,5436,91,5527,0.016464628188890898,1.512341407347471
20200107,5890,47,5937,0.007916456122620852,-0.4174062410064191
20200108,6166,54,6220,0.008681672025723473,-0.2446589474274748
20200109,5989,65,6054,0.010736703006276842,0.21926376859567875
20200110,4971,43,5014,0.008575987235739928,-0.26851726162101586
20200111,1953,15,1968,0.007621951219512195,-0.48389064723931846
20200112,2528,13,2541,0.005116096025186935,-1.049586813726825
20200113,5913,56,5969,0.00938180599765455,-0.08660388309414764
20200114,5025,23,5048,0.0045562599049128365,-1.1759696740842334
20200115,5023,31,5054,0.006133755441234665,-0.8198504619408918
20200116,4842,31,4873,0.0063615842396880775,-0.7684181692080895
20200117,4531,37,4568,0.008099824868651488,-0.3760107936884494
20200118,1708,8,1716,0.004662004662004662,-1.1520978223314007
20200119,2143,14,2157,0.006490496059341678,-0.7393163590324193
20200120,5433,49,5482,0.00893834367019336,-0.18671538961476722
20200121,5591,33,5624,0.005867709815078236,-0.8799101937116196
20200122,5531,21,5552,0.003782420749279539,-1.3506636647070864
20200123,4421,59,4480,0.013169642857142857,0.7684993150256396
20200124,2223,26,2249,0.011560693641618497,0.40527944288123574
20200125,1724,8,1732,0.004618937644341801,-1.1618201905069847
20200126,1773,11,1784,0.00616591928251121,-0.8125894830340267
20200127,2780,35,2815,0.012433392539964476,0.6022909950292528
20200128,5985,116,6101,0.019013276512047206,2.0876981116771285
20200129,6175,73,6248,0.011683738796414853,0.4330568549722418
20200130,6335,50,6385,0.007830853563038372,-0.4367309968450606
20200131,5284,29,5313,0.005458309806135893,-0.9723321405755505
20200201,1954,21,1975,0.010632911392405063,0.1958328384231049
20200202,2771,28,2799,0.010003572704537335,0.053759791283238725
20200203,5469,54,5523,0.00977729494839761,0.0026776459543643217
20200204,5462,76,5538,0.013723365836041893,0.8935021352877943
20200205,5695,68,5763,0.011799410029498525,0.45916960613060837
20200206,5785,77,5862,0.013135448652337086,0.7607799820735527
20200207,4665,41,4706,0.008712282192945177,-0.23774871003942732
20200208,1774,36,1810,0.019889502762430938,2.2855059626416643
20200209,2676,31,2707,0.011451791651274473,0.3806948465326579
20200210,5361,50,5411,0.009240436148586214,-0.11851809021033675
20200211,5294,35,5329,0.0065678363670482265,-0.7218568044326017
20200212,5230,48,5278,0.00909435392194013,-0.15149611535432378
20200213,5601,44,5645,0.007794508414526129,-0.44493590478641154
20200214,4310,32,4342,0.007369875633348687,-0.540796646069863
20200215,1710,7,1717,0.004076878276062901,-1.284189953667454
20200216,2233,12,2245,0.005345211581291759,-0.9978640357847212
20200217,5440,33,5473,0.006029599853827883,-0.8433635590455059
20200218,5989,66,6055,0.010900082576383155,0.25614666458297236
20200219,6563,77,6640,0.011596385542168675,0.41333688026293813
20200220,6665,100,6765,0.014781966001478197,1.132480850732525
20200221,6059,60,6119,0.009805523778395163,0.009050297075708659
20200222,3137,120,3257,0.0368437212158428,6.112916423791369
20200223,3873,84,3957,0.02122820318423048,2.587717239016364
20200224,6781,63,6844,0.009205143191116306,-0.12648546629413698
20200225,7044,102,7146,0.014273719563392108,1.0177443478781982
20200226,7531,134,7665,0.017482061317677756,1.7420266748423843
20200227,7733,103,7836,0.013144461459928534,0.7628146210723734
20200228,6926,82,7008,0.011700913242009132,0.4369339816538766
20200229,2945,60,3005,0.019966722129783693,2.3029382149876767
20200301,3813,51,3864,0.013198757763975156,0.775071997764838
20200302,7486,130,7616,0.017069327731092435,1.648852173681784
20200303,6980,76,7056,0.010770975056689343,0.22700067517349024
20200304,7724,117,7841,0.014921566126769545,1.1639955431606148
20200305,7268,87,7355,0.011828687967369137,0.46577909308483134
20200306,6448,79,6527,0.012103569787038455,0.5278335932715087
20200307,2818,54,2872,0.018802228412256268,2.0400540573572403
20200308,3445,60,3505,0.017118402282453638,1.6599307410467277
20200309,6929,131,7060,0.018555240793201134,1.9842966657945618
20200310,7449,143,7592,0.018835616438356163,2.047591395673544
20200311,7610,97,7707,0.01258596081484365,0.6367332438959118
20200312,7421,89,7510,0.0118508655126498,0.4707856682356162
20200313,6498,65,6563,0.009904007313728478,0.03128292988160982
20200314,2586,46,2632,0.017477203647416412,1.7409300570285835
20200315,3258,50,3308,0.015114873035066506,1.2076345280575802
20200316,6844,78,6922,0.011268419531927188,0.3392986376893212
20200317,7307,77,7384,0.01042795232936078,0.14956338258479907
20200318,7344,59,7403,0.00796974199648791,-0.4053769686674608
20200319,7276,54,7330,0.007366984993178717,-0.54144920734577
20200320,5983,90,6073,0.014819693726329656,1.1409978749273382
20200321,2595,32,2627,0.01218119527978683,0.5453575283212685
20200322,3269,50,3319,0.015064778547755347,1.1963257104139056
20200323,7297,90,7387,0.012183565723568431,0.5458926553961142
20200324,7330,109,7439,0.014652507057400187,1.1032555273585742
20200325,7353,137,7490,0.01829105473965287,1.9246567320624943
20200326,7906,165,8071,0.020443563375046464,2.410585003628595
20200327,6146,80,6226,0.012849341471249599,0.6961913594299689
20200328,2574,35,2609,0.013415101571483326,0.8239115567416835
20200329,3514,57,3571,0.01596191542985158,1.398854131116622
20200330,7124,70,7194,0.009730330831248262,-0.007924491429320273
20200331,7295,85,7380,0.011517615176151762,0.3955544903668674
20200401,7525,77,7602,0.010128913443830571,0.08205543098479205
20200402,7460,66,7526,0.008769598724422003,-0.22480951778034247
20200403,6199,60,6259,0.009586195877935773,-0.040462920118407186
20200404,2744,24,2768,0.008670520231213872,-0.2471764621736677
20200405,3486,36,3522,0.010221465076660987,0.10294893832427877
20200406,6858,61,6919,0.008816302933949994,-0.21426605447542174
20200407,6921,63,6984,0.00902061855670103,-0.16814185511804797
20200408,7366,107,7473,0.014318212230697177,1.0277885560943312
20200409,7519,128,7647,0.016738590296848436,1.5741882828514429
20200410,6563,55,6618,0.008310667875491085,-0.32841303904964825
20200411,2636,28,2664,0.010510510510510511,0.16820087077419907
20200412,3602,36,3638,0.009895547003848268,0.029373017099191476
20200413,6081,47,6128,0.007669712793733682,-0.4731084841264261
