date,clean,bad,total,ratio,z
20191015,5293,47,5340,0.008801498127340823,-0.22948740518810434
20191016,5409,108,5517,0.01957585644371941,2.1781406324269317
20191017,5020,78,5098,0.015300117693213025,1.2226880481568048
20191018,4380,34,4414,0.007702763932940644,-0.4750095211829786
20191019,1648,11,1659,0.006630500301386378,-0.7146165499487237
20191020,1967,11,1978,0.005561172901921132,-0.9535674510366169
20191021,5043,86,5129,0.01676740105283681,1.5505658160964537
20191022,5113,65,5178,0.012553109308613364,0.6088441224102629
20191023,5273,41,5314,0.0077154685735792245,-0.47217055406205294
20191024,4985,44,5029,0.00874925432491549,-0.24116175644108276
20191025,4198,52,4250,0.01223529411764706,0.53782543692741
20191026,1612,6,1618,0.003708281829419036,-1.3676127580338013
20191027,2130,20,2150,0.009302325581395349,-0.1175729704735997
20191028,4559,43,4602,0.009343763581051717,-0.10831327380621734
20191029,4846,39,4885,0.007983623336745137,-0.4122489413534019
20191030,5042,48,5090,0.009430255402750491,-0.08898589218110337
20191031,4989,47,5036,0.009332803812549643,-0.1107623334306083
20191101,4077,33,4110,0.008029197080291971,-0.40206507522230833
20191102,1641,17,1658,0.010253317249698432,0.09493473874786035
20191103,2065,12,2077,0.005777563793933558,-0.9052129445875724
20191104,4811,26,4837,0.0053752325821790365,-0.9951175010710251
20191105,4824,47,4871,0.009648942722233628,-0.040118228196131464
20191106,5124,37,5161,0.007169153264871149,-0.5942496622558462
20191107,4989,40,5029,0.007953867568104992,-0.41889813759833244
20191108,4268,25,4293,0.0058234334963894714,-0.8949629437553154
20191109,1687,7,1694,0.004132231404958678,-1.272877382187557
20191110,2311,14,2325,0.006021505376344086,-0.8507019866162793
20191111,4946,29,4975,0.005829145728643216,-0.8936864936756315
20191112,5035,37,5072,0.007294952681388012,-0.5661386422370304
20191113,4998,35,5033,0.006954102920723227,-0.6423046111322193
20191114,5552,26,5578,0.004661168877733955,-1.1546815089666789
20191115,4377,25,4402,0.005679236710586098,-0.927185022717217
20191116,1545,16,1561,0.010249839846252402,0.0941576814244526
20191117,2172,19,2191,0.00867183934276586,-0.2584608359854843
20191118,4979,52,5031,0.0103359173126615,0.11339247160387061
20191119,5263,32,5295,0.006043437204910292,-0.8458011207065298
20191120,5155,36,5191,0.00693507994606049,-0.6465554672678672
20191121,5074,50,5124,0.00975800156128025,-0.015748041969890533
20191122,4235,50,4285,0.011668611435239206,0.4111950544458828
20191123,1657,8,1665,0.004804804804804805,-1.122584758972862
20191124,2244,12,2256,0.005319148936170213,-1.007649900181723
20191125,5370,28,5398,0.005187106335679882,-1.0371560162551834
20191126,5101,31,5132,0.006040530007794232,-0.8464507602564658
20191127,5102,43,5145,0.008357628765792031,-0.3286740377951358
20191128,5057,42,5099,0.008236909197881937,-0.3556499195928748
20191129,3931,36,3967,0.009074867658179985,-0.16840050536990206
20191130,1527,13,1540,0.008441558441558441,-0.30991919090499953
20191201,2091,13,2104,0.006178707224334601,-0.8155738086150418
20191202,5270,30,5300,0.005660377358490566,-0.9313993159069499
20191203,5946,41,5987,0.006848171037247369,-0.665976050789664
20191204,5858,33,5891,0.005601765404854863,-0.9444966882765131
20191205,6394,29,6423,0.004515024132025533,-1.1873388772280289
20191206,4936,24,4960,0.004838709677419355,-1.1150084078323519
20191207,1913,19,1932,0.009834368530020704,0.0013168494777689207
20191208,2420,13,2433,0.005343197698314837,-1.0022759862734285
20191209,6002,31,6033,0.005138405436764462,-1.0480386736017075
20191210,6410,54,6464,0.008353960396039604,-0.3294937682708576
20191211,6180,65,6245,0.010408326661329063,0.12957299696958605
20191212,6315,64,6379,0.010032920520457752,0.04568509165640714
20191213,5129,39,5168,0.0075464396284829725,-0.5099416041266858
20191214,1914,12,1926,0.006230529595015576,-0.8039936301057073
20191215,2496,17,2513,0.006764822920811779,-0.6846009429753714
20191216,6443,32,6475,0.004942084942084942,-1.0919082678243484
20191217,6527,47,6574,0.007149376331000912,-0.5986689974112083
20191218,5959,63,6022,0.010461640650946529,0.14148649125211796
20191219,5758,67,5825,0.011502145922746782,0.37399682663462996
20191220,4680,32,4712,0.006791171477079796,-0.6787131192220884
20191221,1775,7,1782,0.003928170594837262,-1.318476620063274
20191222,2425,24,2449,0.009799918334013884,-0.006381359118214768
20191223,5758,53,5811,0.009120633281707107,-0.15817376191778076
20191224,5277,41,5318,0.0077096652877021435,-0.4734673508992916
20191225,2733,10,2743,0.0036456434560699965,-1.3816098703886497
20191226,5329,47,5376,0.008742559523809524,-0.2426577704379885
20191227,4825,36,4861,0.00740588356305287,-0.5413501311172854
20191228,1809,19,1828,0.010393873085339168,0.12634321438994292
20191229,2396,22,2418,0.009098428453267164,-0.1631356321241178
20191230,5953,38,5991,0.006342847604740444,-0.7788951526463461
20191231,4635,22,4657,0.004724071290530384,-1.1406253946037381
20200101,3250,14,3264,0.00428921568627451,-1.2377978214320648
20200102,5666,46,5712,0.008053221288515405,-0.3966966481102905
20200103,4654,26,4680,0.005555555555555556,-0.9548226980044291
20200104,1788,12,1800,0.006666666666666667,-0.7065348477711486
20200105,2395,20,2415,0.008281573498964804,-0.34566927662464153
20200106,5436,91,5527,0.016464628188890898,1.4829084749481605
20200107,5890,47,5937,0.007916456122620852,-0.4272580642343715
20200108,6166,54,6220,0.008681672025723473,-0.2562636338432701
20200109,5989,65,6054,0.010736703006276842,0.20295166804867754
20200110,4971,43,5014,0.008575987235739928,-0.27987985821990335
20200111,1953,15,1968,0.007621951219512195,-0.4930678545827795
20200112,2528,13,2541,0.005116096025186935,-1.0530239138582058
20200113,5913,56,5969,0.00938180599765455,-0.09981235095382085
20200114,5025,23,5048,0.0045562599049128365,-1.1781243699654222
20200115,5023,31,5054,0.006133755441234665,-0.8256186920460739
20200116,4842,31,4873,0.0063615842396880775,-0.7747082817157678
20200117,4531,37,4568,0.008099824868651488,-0.38628265565764436
20200118,1708,8,1716,0.004662004662004662,-1.1544947453948295
20200119,2143,14,2157,0.006490496059341678,-0.7459017670014602
20200120,5433,49,5482,0.00893834367019336,-0.1989080281041279
20200121,5591,33,5624,0.005867709815078236,-0.885068998970186
20200122,5531,21,5552,0.003782420749279539,-1.3510457443060977
20200123,4421,59,4480,0.013169642857142857,0.7466141328352383
20200124,2223,26,2249,0.011560693641618497,0.3870798451638784
20200125,1724,8,1732,0.004618937644341801,-1.1641184609031527
20200126,1773,11,1784,0.00616591928251121,-0.8184313901408559
20200127,2780,35,2815,0.012433392539964476,0.5820923251980262
20200128,5985,116,6101,0.019013276512047206,2.0524270467895818
20200129,6175,73,6248,0.011683738796414853,0.41457540043328617
20200130,6335,50,6385,0.007830853563038372,-0.44638673217825175
20200131,5284,29,5313,0.005458309806135893,-0.9765531422653881
20200201,1954,21,1975,0.010632911392405063,0.17975849103625754
20200202,2771,28,2799,0.010003572704537335,0.039127056144876986
20200203,5469,54,5523,0.00977729494839761,-0.011436759719911732
20200204,5462,76,5538,0.013723365836041893,0.870348552085287
20200205,5695,68,5763,0.011799410029498525,0.440423186049846
20200206,5785,77,5862,0.013135448652337086,0.738973127793743
20200207,4665,41,4706,0.008712282192945177,-0.24942351448998787
20200208,1774,36,1810,0.019889502762430938,2.248227745612752
20200209,2676,31,2707,0.011451791651274473,0.36274470820209964
20200210,5361,50,5411,0.009240436148586214,-0.13140272527550312
20200211,5294,35,5329,0.0065678363670482265,-0.7286193741383048
20200212,5230,48,5278,0.00909435392194013,-0.16404612308562552
20200213,5601,44,5645,0.007794508414526129,-0.45450838508971436
20200214,4310,32,4342,0.007369875633348687,-0.5493964294291277
20200215,1710,7,1717,0.004076878276062901,-1.2852465406270532
20200216,2233,12,2245,0.005345211581291759,-1.0018259658659632
20200217,5440,33,5473,0.006029599853827883,-0.848893202244387
20200218,5989,66,6055,0.010900082576383155,0.2394603140590381
20200219,6563,77,6640,0.011596385542168675,0.39505552389638793
20200220,6665,100,6765,0.014781966001478197,1.1069023554847843
20200221,6059,60,6119,0.009805523778395163,-0.005128771756687818
20200222,3137,120,3257,0.0368437212158428,6.036801552577491
20200223,3873,84,3957,0.02122820318423048,2.5473724904642467
20200224,6781,63,6844,0.009205143191116306,-0.1392892565602234
20200225,7044,102,7146,0.014273719563392108,0.9933300815337791
20200226,7531,134,7665,0.017482061317677756,1.7102631308205087
20200227,7733,103,7836,0.013144461459928534,0.7409871213530451
20200228,6926,82,7008,0.011700913242009132,0.41841318599128285
20200229,2945,60,3005,0.019966722129783693,2.2654831132575026
20200301,3813,51,3864,0.013198757763975156,0.7531201226996587
20200302,7486,130,7616,0.017069327731092435,1.6180340693814022
20200303,6980,76,7056,0.010770975056689343,0.2106100683966833
20200304,7724,117,7841,0.014921566126769545,1.1380972689855815
20200305,7268,87,7355,0.011828687967369137,0.44696560667768803
20200306,6448,79,6527,0.012103569787038455,0.5083904411442045
20200307,2818,54,2872,0.018802228412256268,2.0052664356959617
20200308,3445,60,3505,0.017118402282453638,1.6290002227541742
20200309,6929,131,7060,0.018555240793201134,1.9500748132234698
20200310,7449,143,7592,0.018835616438356163,2.01272729279745
20200311,7610,97,7707,0.01258596081484365,0.6161850892832214
20200312,7421,89,7510,0.0118508655126498,0.4519213802147563
20200313,6498,65,6563,0.009904007313728478,0.016878266987466244
20200314,2586,46,2632,0.017477203647416412,1.7091776403648107
20200315,3258,50,3308,0.015114873035066506,1.1812934500122463
20200316,6844,78,6922,0.011268419531927188,0.3217685458271875
20200317,7307,77,7384,0.01042795232936078,0.13395853040207442
20200318,7344,59,7403,0.00796974199648791,-0.41535085267114313
20200319,7276,54,7330,0.007366984993178717,-0.5500423691793676
20200320,5983,90,6073,0.014819693726329656,1.1153329576125899
20200321,2595,32,2627,0.01218119527978683,0.5257365611902183
20200322,3269,50,3319,0.015064778547755347,1.1700993827055228
20200323,7297,90,7387,0.012183565723568431,0.5262662583417876
20200324,7330,109,7439,0.014652507057400187,1.077973580858045
20200325,7353,137,7490,0.01829105473965287,1.8910400446560687
20200326,7906,165,8071,0.020443563375046464,2.372037612177471
20200327,6146,80,6226,0.012849341471249599,0.6750398845580785
20200328,2574,35,2609,0.013415101571483326,0.8014641076893962
20200329,3514,57,3571,0.01596191542985158,1.3705727517441186
20200330,7124,70,7194,0.009730330831248262,-0.02193131743651563
20200331,7295,85,7380,0.011517615176151762,0.37745357154000264
20200401,7525,77,7602,0.010128913443830571,0.06713558058006781
20200402,7460,66,7526,0.008769598724422003,-0.2366156159450995
20200403,6199,60,6259,0.009586195877935773,-0.05413957936780447
20200404,2744,24,2768,0.008670520231213872,-0.25875560341979914
20200405,3486,36,3522,0.010221465076660987,0.08781708193600739
20200406,6858,61,6919,0.008816302933949994,-0.22617913694260502
20200407,6921,63,6984,0.00902061855670103,-0.1805229588748691
20200408,7366,107,7473,0.014318212230697177,1.0032723713784673
20200409,7519,128,7647,0.016738590296848436,1.5441277914952998
20200410,6563,55,6618,0.008310667875491085,-0.3391678744432124
20200411,2634,28,2662,0.010518407212622089,0.1541714940593217
20200412,1529,16,1545,0.010355987055016181,0.11787723746945249
