date,clean,bad,total,ratio,z
20191017,5020,78,5098,0.015300117693213025,1.24953160629778
20191018,4380,34,4414,0.007702763932940644,-0.4653959820790266
20191019,1648,11,1659,0.006630500301386378,-0.7074347947747233
20191020,1967,11,1978,0.005561172901921132,-0.9488108207193714
20191021,5043,86,5129,0.01676740105283681,1.5807370223918726
20191022,5113,65,5178,0.012553109308613364,0.6294577473067162
20191023,5273,41,5314,0.0077154685735792245,-0.46252820213629897
20191024,4985,44,5029,0.00874925432491549,-0.22917488447087994
20191025,4198,52,4250,0.01223529411764706,0.5577182895703402
20191026,1612,6,1618,0.003708281829419036,-1.3670582946104661
20191027,2130,20,2150,0.009302325581395349,-0.10433178962445419
20191028,4559,43,4602,0.009343763581051717,-0.09497811582431424
20191029,4846,39,4885,0.007983623336745137,-0.4019984419305052
20191030,5042,48,5090,0.009430255402750491,-0.07545457961940309
20191031,4989,47,5036,0.009332803812549643,-0.09745203107948017
20191101,4077,33,4110,0.008029197080291971,-0.3917112192237305
20191102,1641,17,1658,0.010253317249698432,0.11033267115365909
20191103,2065,12,2077,0.005777563793933558,-0.8999655619233309
20191104,4811,26,4837,0.0053752325821790365,-0.9907825643263048
20191105,4824,47,4871,0.009648942722233628,-0.026090955225485466
20191106,5124,37,5161,0.007169153264871149,-0.5858462974124734
20191107,4989,40,5029,0.007953867568104992,-0.4087151212065422
20191108,4268,25,4293,0.0058234334963894714,-0.8896115333109446
20191109,1687,7,1694,0.004132231404958678,-1.271361444613119
20191110,2311,14,2325,0.006021505376344086,-0.8449013694652044
20191111,4946,29,4975,0.005829145728643216,-0.8883221284744359
20191112,5035,37,5072,0.007294952681388012,-0.5574499772207517
20191113,4998,35,5033,0.006954102920723227,-0.6343889584107911
20191114,5552,26,5578,0.004661168877733955,-1.1519659954592403
20191115,4377,25,4402,0.005679236710586098,-0.9221606357922012
20191116,1545,16,1561,0.010249839846252402,0.10954772743592708
20191117,2172,19,2191,0.00867183934276586,-0.2466495332540293
20191118,4979,52,5031,0.0103359173126615,0.12897773247984737
20191119,5263,32,5295,0.006043437204910292,-0.8399507644179032
20191120,5155,36,5191,0.00693507994606049,-0.6386829567017108
20191121,5074,50,5124,0.00975800156128025,-0.0014734347388926025
20191122,4235,50,4285,0.011668611435239206,0.4298027288920445
20191123,1657,8,1665,0.004804804804804805,-1.1195434939161442
20191124,2244,12,2256,0.005319148936170213,-1.0034421553934243
20191125,5370,28,5398,0.005187106335679882,-1.0332477305406538
20191126,5101,31,5132,0.006040530007794232,-0.8406069971926954
20191127,5102,43,5145,0.008357628765792031,-0.31757533242240893
20191128,5057,42,5099,0.008236909197881937,-0.3448249938174741
20191129,3931,36,3967,0.009074867658179985,-0.15567517575933068
20191130,1527,13,1540,0.008441558441558441,-0.29863014163664037
20191201,2091,13,2104,0.006178707224334601,-0.8094166737975533
20191202,5270,30,5300,0.005660377358490566,-0.9264177000580069
20191203,5946,41,5987,0.006848171037247369,-0.6583006407140979
20191204,5858,33,5891,0.005601765404854863,-0.9396479983263509
20191205,6394,29,6423,0.004515024132025533,-1.1849548050132002
20191206,4936,24,4960,0.004838709677419355,-1.1118902500023042
20191207,1913,19,1932,0.009834368530020704,0.015764649160601635
20191208,2420,13,2433,0.005343197698314837,-0.9980137013593646
20191209,6002,31,6033,0.005138405436764462,-1.04424083653047
20191210,6410,54,6464,0.008353960396039604,-0.31840338238444965
20191211,6180,65,6245,0.010408326661329063,0.14532247482102134
20191212,6315,64,6379,0.010032920520457752,0.060583186887271115
20191213,5129,39,5168,0.0075464396284829725,-0.5006825925104282
20191214,1914,12,1926,0.006230529595015576,-0.7977189674671444
20191215,2496,17,2513,0.006764822920811779,-0.677114557878528
20191216,6443,32,6475,0.004942084942084942,-1.0885556654976576
20191217,6527,47,6574,0.007149376331000912,-0.590310484625253
20191218,5959,63,6022,0.010461640650946529,0.15735687976337434
20191219,5758,67,5825,0.011502145922746782,0.3922269743734991
20191220,4680,32,4712,0.006791171477079796,-0.6711669783023071
20191221,1775,7,1782,0.003928170594837262,-1.3174234714748496
20191222,2425,24,2449,0.009799918334013884,0.007988311053770287
20191223,5758,53,5811,0.009120633281707107,-0.14534464056741483
20191224,5277,41,5318,0.0077096652877021435,-0.46383816023064034
20191225,2733,10,2743,0.0036456434560699965,-1.3811974643709992
20191226,5329,47,5376,0.008742559523809524,-0.2306860815899812
20191227,4825,36,4861,0.00740588356305287,-0.5324098862400196
20191228,1809,19,1828,0.010393873085339168,0.14205991301359483
20191229,2396,22,2418,0.009098428453267164,-0.15035686904701467
20191230,5953,38,5991,0.006342847604740444,-0.7723657642826393
20191231,4635,22,4657,0.004724071290530384,-1.137767224876232
20200101,3250,14,3264,0.00428921568627451,-1.2359258596101146
20200102,5666,46,5712,0.008053221288515405,-0.386288307671722
20200103,4654,26,4680,0.005555555555555556,-0.9500788072525468
20200104,1788,12,1800,0.006666666666666667,-0.6992710709904227
20200105,2395,20,2415,0.008281573498964804,-0.33474305679578276
20200106,5436,91,5527,0.016464628188890898,1.512393023444786
20200107,5890,47,5937,0.007916456122620852,-0.41715989316349616
20200108,6166,54,6220,0.008681672025723473,-0.2444300315954453
20200109,5989,65,6054,0.010736703006276842,0.2194458697675658
20200110,4971,43,5014,0.008575987235739928,-0.26828593823524527
20200111,1953,15,1968,0.007621951219512195,-0.48363759042359666
20200112,2528,13,2541,0.005116096025186935,-1.0492766722440598
20200113,5913,56,5969,0.00938180599765455,-0.08639091667322692
20200114,5025,23,5048,0.0045562599049128365,-1.1756467792474048
20200115,5023,31,5054,0.006133755441234665,-0.81956350326177
20200116,4842,31,4873,0.0063615842396880775,-0.768136400585892
20200117,4531,37,4568,0.008099824868651488,-0.37576862307964476
20200118,1708,8,1716,0.004662004662004662,-1.1517773364143948
20200119,2143,14,2157,0.006490496059341678,-0.7390375270876163
20200120,5433,49,5482,0.00893834367019336,-0.18649232089449308
20200121,5591,33,5624,0.005867709815078236,-0.87961717437663
20200122,5531,21,5552,0.003782420749279539,-1.3503231414172476
20200123,4421,59,4480,0.013169642857142857,0.7686259925794192
20200124,2223,26,2249,0.011560693641618497,0.4054427731236725
20200125,1724,8,1732,0.004618937644341801,-1.1614987235012195
20200126,1773,11,1784,0.00616591928251121,-0.812303257063712
20200127,2780,35,2815,0.012433392539964476,0.6024344447430166
20200128,5985,116,6101,0.019013276512047206,2.087691668257969
20200129,6175,73,6248,0.011683738796414853,0.4332173821829197
20200130,6335,50,6385,0.007830853563038372,-0.436482698931909
20200131,5284,29,5313,0.005458309806135893,-0.9720297948983002
20200201,1954,21,1975,0.010632911392405063,0.19601730402120984
20200202,2771,28,2799,0.010003572704537335,0.05395859353955752
20200203,5469,54,5523,0.00977729494839761,0.0028816029340676913
20200204,5462,76,5538,0.013723365836041893,0.8936161987480076
20200205,5695,68,5763,0.011799410029498525,0.45932749829124747
20200206,5785,77,5862,0.013135448652337086,0.7609074385888622
20200207,4665,41,4706,0.008712282192945177,-0.23752049152271273
20200208,1774,36,1810,0.019889502762430938,2.2854795583389422
20200209,2676,31,2707,0.011451791651274473,0.38086065761831067
20200210,5361,50,5411,0.009240436148586214,-0.11830190331171951
20200211,5294,35,5329,0.0065678363670482265,-0.7215797343396904
20200212,5230,48,5278,0.00909435392194013,-0.15127660062763096
20200213,5601,44,5645,0.007794508414526129,-0.44468677891212866
20200214,4310,32,4342,0.007369875633348687,-0.5405378468429523
20200215,1710,7,1717,0.004076878276062901,-1.2838561382711569
20200216,2233,12,2245,0.005345211581291759,-0.9975591136718799
20200217,5440,33,5473,0.006029599853827883,-0.8430742276486622
20200218,5989,66,6055,0.010900082576383155,0.2563250438844248
20200219,6563,77,6640,0.011596385542168675,0.4134993974255674
20200220,6665,100,6765,0.014781966001478197,1.132570798737818
20200221,6059,60,6119,0.009805523778395163,0.009253610988180897
20200222,3137,120,3257,0.0368437212158428,6.112503793693325
20200223,3873,84,3957,0.02122820318423048,2.5876603384311667
20200224,6781,63,6844,0.009205143191116306,-0.12626847540384029
20200225,7044,102,7146,0.014273719563392108,1.0178458739981242
20200226,7531,134,7665,0.017482061317677756,1.7420551132909958
20200227,7733,103,7836,0.013144461459928534,0.7629418722713016
20200228,6926,82,7008,0.011700913242009132,0.4370941176218719
20200229,2945,60,3005,0.019966722129783693,2.3029100515881464
20200301,3813,51,3864,0.013198757763975156,0.7751980120661015
20200302,7486,130,7616,0.017069327731092435,1.6488900144132654
20200303,6980,76,7056,0.010770975056689343,0.22718199561048444
20200304,7724,117,7841,0.014921566126769545,1.1640823110034266
20200305,7268,87,7355,0.011828687967369137,0.4659363182790237
20200306,6448,79,6527,0.012103569787038455,0.5279845565168112
20200307,2818,54,2872,0.018802228412256268,2.0400524217220797
20200308,3445,60,3505,0.017118402282453638,1.6599674638347497
20200309,6929,131,7060,0.018555240793201134,1.9843006566640886
20200310,7449,143,7592,0.018835616438356163,2.0475889994420173
20200311,7610,97,7707,0.01258596081484365,0.6368732180260933
20200312,7421,89,7510,0.0118508655126498,0.47094238821394807
20200313,6498,65,6563,0.009904007313728478,0.03148400028861675
20200314,2586,46,2632,0.017477203647416412,1.740958606137416
20200315,3258,50,3308,0.015114873035066506,1.2077168922698385
20200316,6844,78,6922,0.011268419531927188,0.3394686260859382
20200317,7307,77,7384,0.01042795232936078,0.1497525172555216
20200318,7344,59,7403,0.00796974199648791,-0.4051318347040847
20200319,7276,54,7330,0.007366984993178717,-0.541190342268593
20200320,5983,90,6073,0.014819693726329656,1.1410869634757013
20200321,2595,32,2627,0.01218119527978683,0.5455067232180179
20200322,3269,50,3319,0.015064778547755347,1.1964092158042874
20200323,7297,90,7387,0.012183565723568431,0.5460417962929379
20200324,7330,109,7439,0.014652507057400187,1.1033484245050365
20200325,7353,137,7490,0.01829105473965287,1.924666741225871
20200326,7906,165,8071,0.020443563375046464,2.4105459775408375
20200327,6146,80,6226,0.012849341471249599,0.6963253336136609
20200328,2574,35,2609,0.013415101571483326,0.8240326426200092
20200329,3514,57,3571,0.01596191542985158,1.3989171992685223
20200330,7124,70,7194,0.009730330831248262,-0.007719464582931659
20200331,7295,85,7380,0.011517615176151762,0.39571880195885045
20200401,7525,77,7602,0.010128913443830571,0.08225137791475931
20200402,7460,66,7526,0.008769598724422003,-0.22458260496362317
20200403,6199,60,6259,0.009586195877935773,-0.04025460980382864
20200404,2744,24,2768,0.008670520231213872,-0.24694729229803744
20200405,3486,36,3522,0.010221465076660987,0.1031427768805633
20200406,6858,61,6919,0.008816302933949994,-0.21404020560455872
20200407,6921,63,6984,0.00902061855670103,-0.16792066066190248
20200408,7366,107,7473,0.014318212230697177,1.0278890686484676
20200409,7519,128,7647,0.016738590296848436,1.5742336579513727
20200410,6563,55,6618,0.008310667875491085,-0.32817567155271976
20200411,2636,28,2664,0.010510510510510511,0.16838812472719566
20200412,3602,36,3638,0.009895547003848268,0.02957428023639833
20200413,6875,52,6927,0.007506857225350079,-0.5096174081434464
